   1.0000000e+00
   1.6461700e-08
   1.0000000e+00
   7.3776007e-02
   3.8481119e-06
   3.8200652e-06
   1.5031607e-08
   1.0000000e+00
   1.6677604e-07
   1.7415568e-07
   1.0000000e+00
   1.0000000e+00
   1.0000000e+00
   1.0000000e+00
   1.0000000e+00
   6.3279554e-07
   1.3427490e-06
   1.0000000e+00
   4.2291810e-07
   1.0000000e+00
   1.0000000e+00
   1.0000000e+00
   1.0000000e+00
   1.0000000e+00
   1.0000000e+00
   1.0000000e+00
   1.0000000e+00
   2.3138023e-07
   1.0000000e+00
   1.0000000e+00
   1.0000000e+00
   1.0000000e+00
   1.0000000e+00
   4.1501769e-06
   1.5931459e-06
   1.4245250e-06
   1.0000000e+00
   5.0234808e-07
   4.2439209e-07
   1.0000000e+00
   1.0000000e+00
   1.0000000e+00
   1.0000000e+00
   1.5904114e-01
   1.0000000e+00
   1.5931459e-06
   4.7797768e-01
   3.0200939e-01
   1.0000000e+00
   6.6142251e-07
   3.9996194e-07
   1.0000000e+00
   2.8852847e-06
   3.4936858e-07
   3.0767350e-07
   1.0000000e+00
   9.2207993e-07
   1.0000000e+00
   9.2207993e-07
   1.0000000e+00
   1.0000000e+00
   2.4355626e-07
   1.0000000e+00
   1.0000000e+00
   1.0000000e+00
   1.0000000e+00
   2.9097459e-07
   1.0000000e+00
   1.0000000e+00
   1.0000000e+00
   1.0000000e+00
   1.0000000e+00
   1.0000000e+00
   1.3698751e-06
   2.2270324e-07
   1.7781847e-07
   1.0000000e+00
   1.0000000e+00
   3.9695790e-07
   1.0000000e+00
   1.0000000e+00
   1.0000000e+00
   3.9576263e-07
   1.0000000e+00
   1.0000000e+00
   1.0000000e+00
   1.0000000e+00
   3.6288712e-07
   4.2123770e-07
   2.5922177e-07
   2.6233636e-07
   3.5954265e-07
   1.0000000e+00
   1.0000000e+00
   1.0000000e+00
   1.0000000e+00
   1.0000000e+00
   1.0000000e+00
   1.0000000e+00
   1.0000000e+00
   1.0000000e+00
   1.0000000e+00
   1.0000000e+00
   1.0000000e+00
   1.0000000e+00
   1.0000000e+00
   2.7085556e-07
   2.7085556e-07
   2.7085556e-07
   1.9170801e-06
   7.6963001e-09
   2.5720689e-06
   2.2278935e-07
   1.0000000e+00
   1.0000000e+00
   1.0000000e+00
   1.0000000e+00
   1.0000000e+00
   1.0000000e+00
   1.0000000e+00
   1.0000000e+00
   1.0000000e+00
   1.0000000e+00
   1.0000000e+00
   1.0000000e+00
   1.0000000e+00
   6.6693029e-06
   5.4087591e-01
   1.8260220e-01
   3.6874919e-07
   3.6988344e-07
   2.2977963e-07
   9.9999999e-01
   1.9818125e-07
   1.0000000e+00
   2.1508924e-07
   1.9818125e-07
   1.9926509e-07
   1.0000000e+00
   3.1174985e-07
   1.0000000e+00
   1.0000000e+00
   2.3545871e-07
   2.7085556e-07
   2.3409443e-07
   2.9407005e-07
   3.3148266e-07
   4.9143093e-02
   1.0000000e+00
   2.3585467e-06
   8.2450553e-07
   9.6492060e-07
   9.6492060e-07
   1.4215712e-01
   1.0000000e+00
   1.4215712e-01
   1.4678861e-08
   1.0000000e+00
   1.0000000e+00
   1.0000000e+00
   1.0000000e+00
   3.6587912e-06
   1.0000000e+00
   1.0000000e+00
   1.0000000e+00
   1.8928030e-07
   1.9828043e-07
   4.8422389e-07
   1.0000000e+00
   4.1137996e-07
   4.1137996e-07
   4.9079393e-07
   2.7085556e-07
   3.9248971e-05
   1.0000000e+00
   3.9248971e-05
   2.9814099e-06
   2.1321932e-05
   3.4361611e-06
   3.4361611e-06
   1.2281060e-01
   1.2281060e-01
   1.0000000e+00
   6.8661480e-07
   1.0000000e+00
   1.1725730e-06
   1.0000000e+00
   1.5262466e-06
   1.0000000e+00
   1.0000000e+00
   1.0000000e+00
   1.3934842e-06
   1.0000000e+00
   1.0000000e+00
   4.1442844e-07
   2.6104779e-01
   1.0000000e+00
   2.7085556e-07
   2.1735877e-07
   1.0000000e+00
   1.9306207e-07
   2.6422386e-08
   1.9306207e-07
   1.0000000e+00
   2.5359091e-07
   1.0000000e+00
   1.0000000e+00
   1.0000000e+00
   2.9857207e-02
   1.0000000e+00
   2.8571857e-07
   1.0000000e+00
   1.0000000e+00
   2.8571857e-07
   2.2217482e-07
   1.0000000e+00
   1.9967460e-07
   1.8878879e-07
   1.0000000e+00
   1.0000000e+00
   1.0000000e+00
   1.0000000e+00
   1.9124373e-07
   1.0000000e+00
   1.0000000e+00
   1.0000000e+00
   1.9942616e-07
   1.0000000e+00
   4.5143460e-07
   1.0000000e+00
   1.0000000e+00
   1.0000000e+00
   1.0000000e+00
   2.4031662e-07
   1.0000000e+00
   1.0000000e+00
   1.0000000e+00
   1.0000000e+00
   1.0000000e+00
   4.9547684e-07
   2.7703136e-07
   1.8873250e-07
   4.2291810e-07
   1.0000000e+00
   4.9547684e-07
   1.0000000e+00
   1.0000000e+00
   1.0000000e+00
   1.4707769e-06
   2.8839795e-07
   1.0000000e+00
   1.0000000e+00
   1.0000000e+00
   2.2240053e-07
   1.9070776e-07
   1.0000000e+00
   1.0000000e+00
   1.9070776e-07
   1.0000000e+00
   6.5433959e-07
   1.0000000e+00
   1.0000000e+00
   1.0000000e+00
   1.0000000e+00
   3.5286700e-06
   1.2552739e-01
   9.2335956e-02
   4.1432677e-02
   1.0000000e+00
   1.0000000e+00
   1.0000000e+00
   1.0000000e+00
   1.0000000e+00
   1.8580534e-07
   6.6015741e-07
   1.0000000e+00
   1.0000000e+00
   5.6045468e-09
   1.0000000e+00
   1.0000000e+00
   1.0000000e+00
   1.0000000e+00
   1.0000000e+00
   1.0000000e+00
   1.0000000e+00
   1.0000000e+00
   1.0000000e+00
   1.0000000e+00
   1.0000000e+00
   1.0000000e+00
   1.0000000e+00
   1.0000000e+00
   1.0000000e+00
   1.0000000e+00
   1.0000000e+00
   1.0000000e+00
   1.0000000e+00
   1.0000000e+00
   2.4718530e-07
   3.8200652e-06
   2.2398963e-07
   8.3975615e-07
   2.3014999e-07
   2.5133270e-07
   1.0000000e+00
   1.0000000e+00
   2.3014999e-07
   1.0000000e+00
   9.1900280e-01
   1.0000000e+00
   1.0000000e+00
   9.1900280e-01
   1.0000000e+00
   7.8974021e-07
   4.3605179e-07
   2.5534981e-07
   2.0133957e-07
   2.0498640e-07
   1.3352494e-06
   1.0000000e+00
   3.3514673e-05
   1.2502937e-02
   4.2431527e-07
   1.0000000e+00
   5.6151990e-07
   3.3220847e-07
   1.9170801e-06
   1.0000000e+00
   1.0000000e+00
   2.8022125e-07
   1.0000000e+00
   1.0000000e+00
   2.3739818e-07
   1.0000000e+00
   5.8201692e-07
   1.0000000e+00
   1.0000000e+00
   1.0000000e+00
   1.0000000e+00
   2.2762425e-07
   1.8192963e-07
   1.8192963e-07
   1.0000000e+00
   1.0000000e+00
   1.0000000e+00
   1.0000000e+00
   1.0000000e+00
   1.0000000e+00
   1.0000000e+00
   1.0000000e+00
   1.0000000e+00
   1.0000000e+00
   1.6068446e-06
   1.0000000e+00
   1.1105178e-01
   1.5506050e-06
   1.0536549e-01
   3.5612923e-07
   6.9227581e-07
   3.5612923e-07
   6.9227581e-07
   2.7268844e-07
   1.0000000e+00
   1.0000000e+00
   1.0000000e+00
   1.0000000e+00
   3.1059603e-06
   1.3382503e-01
   2.0069436e-07
   1.0000000e+00
   3.7325891e-07
   2.1727824e-07
   1.0000000e+00
   1.8878879e-07
   1.0000000e+00
   7.6268487e-07
   2.7595481e-07
   1.0000000e+00
   1.0000000e+00
   1.0000000e+00
   4.0541416e-01
   4.8961726e-07
   1.0574367e-06
   3.3425241e-06
   1.0000000e+00
   7.5430167e-09
   1.0000000e+00
   1.0000000e+00
   1.0000000e+00
   1.0000000e+00
   1.0000000e+00
   1.5108236e-06
   7.4814738e-09
   1.0000000e+00
   1.0000000e+00
   1.0000000e+00
   1.0000000e+00
   5.9116872e-09
   1.0000000e+00
   1.0000000e+00
   2.7730786e-07
   3.2840868e-07
   1.0000000e+00
   3.6148702e-01
   4.0904242e-07
   9.9999881e-01
   2.3056283e-07
   7.1139861e-02
   1.0000000e+00
   1.9919444e-07
   1.0000000e+00
   7.7785693e-09
   1.0000000e+00
   1.0000000e+00
   1.0000000e+00
   1.0000000e+00
   1.0000000e+00
   7.5403343e-07
   1.0000000e+00
   1.0000000e+00
   1.0000000e+00
   1.0000000e+00
   8.5907133e-09
   1.0000000e+00
   7.5083448e-09
   3.8933629e-03
   3.1059603e-06
   3.3548446e-07
   1.2491476e-01
   7.5430167e-09
   1.0000000e+00
   1.6739466e-06
   1.0000000e+00
   1.0000000e+00
   4.1526540e-07
   1.0000000e+00
   1.9750033e-06
   1.0000000e+00
   4.6303879e-06
   1.0000000e+00
   1.0000000e+00
   1.0000000e+00
   1.0000000e+00
   1.0000000e+00
   7.1487785e-09
   1.0000000e+00
   1.0000000e+00
   1.0000000e+00
   2.0600093e-07
   1.0000000e+00
   1.0000000e+00
   1.0000000e+00
   4.0223606e-07
   1.0000000e+00
   1.0000000e+00
   1.0000000e+00
   5.4605471e-07
   1.0000000e+00
   2.0826500e-06
   8.1239903e-02
   5.5762673e-02
   1.3382227e-06
   2.3343500e-07
   1.9158284e-08
   3.4566074e-01
   1.2808817e-06
   7.1742129e-08
   3.7597232e-08
   1.0714930e-07
   1.4833816e-07
   9.9999999e-01
   9.9999999e-01
   1.1778149e-07
   3.0382431e-06
   1.2392322e-06
   4.2694883e-08
   3.2583103e-08
   1.4956992e-07
   7.4002645e-03
   2.0538098e-08
   2.9522710e-06
   6.5370641e-08
   7.4002645e-03
   8.0054803e-09
   1.1778149e-07
   1.2392322e-06
   6.3326299e-07
   5.3186044e-08
   2.0967147e-02
   5.8180162e-08
   4.2765453e-08
   5.8931128e-01
   6.5711095e-08
   1.4833816e-07
   7.4002645e-03
   1.0000000e+00
   1.2936312e-04
   6.5786755e-08
   1.0039196e-06
   1.9584818e-08
   9.9999965e-01
   1.0575244e-08
   1.2427314e-06
   9.9999993e-01
   4.4505470e-08
   2.5567676e-04
   3.5967538e-07
   1.5270459e-01
   2.9274721e-07
   6.4433896e-08
   9.9999995e-01
   6.3904898e-07
   5.6061074e-01
   7.0420411e-09
   3.3421622e-05
   3.7698992e-08
   3.5737399e-08
   1.1778149e-07
   9.9999989e-01
   6.4927583e-08
   6.0178019e-08
   7.1474336e-05
   3.7671879e-08
   9.9999146e-01
   7.5160636e-08
   9.9999922e-01
   9.9999995e-01
   3.5737399e-08
   3.9804099e-07
   8.2863581e-07
   1.0345766e-01
   6.9241096e-08
   9.9999944e-01
   1.8139806e-08
   4.3530907e-07
   7.0980347e-08
   4.1786599e-07
   2.4872728e-06
   3.6674184e-08
   3.7560649e-08
   1.1005091e-07
   3.4364783e-08
   1.4230729e-08
   2.0891993e-08
   3.0382431e-06
   4.7846214e-08
   4.9577698e-08
   6.4166211e-07
   5.7419673e-07
   2.2137323e-08
   1.3882164e-06
   1.0654117e-07
   8.0653102e-01
   3.0382431e-06
   1.5636110e-08
   1.4097998e-01
   9.9999998e-01
   1.4067924e-06
   1.2392322e-06
   9.9999999e-01
   7.7104880e-08
   4.0492224e-02
   1.9838954e-07
   6.7445880e-08
   3.3904092e-02
   1.1409429e-07
   2.0386678e-06
   4.8453018e-06
   2.7288897e-07
   8.8349302e-07
   6.3222324e-08
   3.6094497e-07
   3.4615436e-08
   1.1778149e-07
   3.5314423e-06
   3.2254360e-07
   7.4002644e-03
   6.7991804e-08
   2.6826600e-06
   3.5757148e-08
   1.4749471e-04
   1.0981917e-06
   1.2936312e-04
   1.1739407e-08
   2.3114374e-06
   9.9999997e-01
   7.9228256e-08
   1.5169042e-01
   2.8152981e-07
   1.0000000e+00
   3.6094497e-07
   8.1143519e-02
   3.3904091e-02
   1.6605976e-06
   2.4313615e-06
   3.9579917e-01
   4.0492225e-02
   9.9999999e-01
   7.7987364e-02
   5.3047572e-08
   5.3668778e-08
   1.2936312e-04
   3.5954201e-08
   9.9999997e-01
   2.6679653e-08
   3.5577843e-08
   1.2936312e-04
   1.4230729e-08
   4.9577698e-08
   1.4910582e-06
   1.1842743e-08
   1.4759941e-04
   5.3490500e-09
   1.8819819e-02
   1.4749471e-04
   3.1494474e-07
   2.0311441e-08
   1.0000000e+00
   6.7660379e-09
   1.4749471e-04
   4.9116281e-08
   1.2054433e-08
   9.9999876e-01
   5.7271918e-01
   5.7530087e-08
   3.7671879e-08
   8.1155521e-08
   9.9999510e-01
   3.0382431e-06
   9.9999997e-01
   3.4615630e-08
   5.7276417e-08
   2.6826600e-06
   6.1273888e-07
   2.2305650e-08
   8.8377775e-03
   4.2277561e-08
   4.8304404e-08
   4.7771468e-08
   3.5737399e-08
   1.1485215e-07
   9.9999892e-01
   3.2379533e-07
   1.2683637e-08
   1.9383104e-08
   4.7051696e-01
   4.3214055e-07
   3.0382431e-06
   1.5634761e-08
   7.3971205e-08
   9.9999423e-01
   3.6094497e-07
   1.4749471e-04
   1.0455492e-08
   8.8377775e-03
   9.5071954e-09
   5.3668778e-08
   3.7289327e-08
   1.9661503e-08
   8.6133627e-09
   2.7212294e-08
   6.7991804e-08
   1.5424011e-03
   1.4749471e-04
   9.9999892e-01
   1.2379430e-08
   7.9483452e-08
   1.4910582e-06
   1.0966649e-07
   1.0842228e-08
   5.3668778e-08
   3.7526672e-07
   9.9999990e-01
   4.5240003e-07
   8.1166166e-02
   6.0106232e-08
   1.4749471e-04
   3.5954201e-08
   1.1778149e-07
   7.4002645e-03
   9.1599555e-08
   9.9999507e-01
   9.9999995e-01
   4.3051372e-08
   7.9973758e-02
   6.7819952e-08
   3.3942601e-08
   2.2039904e-08
   2.5452191e-02
   3.2284928e-06
   8.8377775e-03
   1.0976423e-06
   1.4910582e-06
   1.0347698e-07
   3.7638744e-02
   8.3973215e-07
   1.5432084e-05
   5.9345911e-08
   8.8377775e-03
   7.8012486e-08
   1.4131621e-08
   5.9759120e-01
   1.1591394e-06
   5.3668778e-08
   3.1102482e-01
   1.1970102e-04
   9.9999970e-01
   1.7450693e-06
   8.8192354e-09
   1.5424011e-03
   1.2425382e-07
   3.5954201e-08
   5.3668778e-08
   7.0855679e-08
   1.2373912e-08
   2.2039904e-08
   4.4306405e-08
   1.7367711e-08
   1.3632970e-07
   4.4858843e-08
   1.4910582e-06
   1.2355562e-07
   3.8485835e-08
   1.1778149e-07
   9.9999742e-01
   9.4278717e-04
   1.1970102e-04
   3.4269473e-08
   1.2064056e-08
   4.7051699e-01
   1.4749471e-04
   3.3326550e-02
   9.9999988e-01
   4.5558829e-08
   2.9535412e-07
   3.5999483e-07
   7.4545942e-05
   6.8453611e-08
   3.9333692e-08
   3.5522980e-08
   6.7991804e-08
   9.9999995e-01
   9.9999892e-01
   9.9999984e-01
   1.4749471e-04
   4.8167411e-01
   9.9999999e-01
   4.0252874e-08
   4.1054418e-01
   6.7991804e-08
   1.5399472e-01
   2.0976591e-08
   1.0662010e-07
   3.3326550e-02
   8.8377775e-03
   6.6377860e-05
   7.4002645e-03
   2.3514973e-07
   8.3966726e-02
   1.0320642e-08
   4.2647761e-08
   8.2288791e-08
   6.7991804e-08
   7.0948240e-07
   1.1778149e-07
   3.4422641e-08
   3.8453691e-07
   3.8881384e-08
   7.4002645e-03
   1.7704745e-01
   9.2308877e-07
   2.5757326e-06
   4.7051691e-01
   5.0795069e-05
   1.4341610e-07
   8.6339246e-08
   2.3651455e-07
   6.8438161e-09
   2.4614060e-08
   9.9999874e-01
   1.1778149e-07
   2.3331184e-07
   7.4002645e-03
   1.2565939e-08
   3.4365900e-08
   3.7795060e-08
   7.4002645e-03
   1.1778149e-07
   7.5557355e-08
   3.8364881e-07
   7.1263687e-07
   9.9999997e-01
   1.3410208e-07
   6.8030386e-09
   1.4948160e-08
   5.2101572e-08
   9.0224974e-06
   3.8088983e-01
   3.3984072e-08
   5.8474773e-08
   1.4932632e-08
   1.1462332e-07
   1.0654117e-07
   4.7181660e-01
   7.6164442e-09
   3.4435025e-06
   3.4379733e-08
   2.2652349e-07
   1.2392322e-06
   1.1740702e-07
   9.9999995e-01
   2.2632797e-07
   1.7523268e-01
   3.6789369e-08
   1.3269708e-06
   2.4885256e-07
   6.9408401e-08
   3.3951166e-08
   6.4280153e-08
   7.4002645e-03
   6.7764953e-08
   3.8364881e-07
   1.0038492e-06
   1.4926317e-08
   1.3488092e-07
   6.7991804e-08
   7.7655933e-08
   4.4930226e-07
   2.0802313e-08
   9.9999990e-01
   1.0494225e-08
   9.9999994e-01
   9.0208209e-09
   5.8375794e-07
   4.1081142e-08
   4.7051693e-01
   7.4002645e-03
   4.6224125e-08
   9.9999995e-01
   1.4230729e-08
   4.7051693e-01
   9.5144790e-07
   5.6404685e-06
   1.7491253e-01
   9.9999810e-01
   7.2792072e-02
   9.9999974e-01
   4.4930226e-07
   8.2124476e-09
   7.8582682e-07
   9.9999809e-01
   1.7491254e-01
   2.7993348e-07
   2.7026916e-02
   4.6153643e-07
   9.9999976e-01
   2.3084628e-08
   1.4839355e-04
   1.2930231e-06
   9.9999998e-01
   1.1778149e-07
   3.4653113e-08
   6.7991804e-08
   1.4971221e-04
   4.6153643e-07
   1.0852292e-01
   1.4749471e-04
   1.6213774e-04
   3.9309894e-08
   3.3451483e-08
   1.4749471e-04
   1.2131021e-07
   1.2392322e-06
   2.1930301e-01
   1.4042277e-08
   6.8007009e-01
   8.2471673e-09
   8.9581556e-08
   3.8457724e-08
   1.3657108e-06
   1.0000000e+00
   2.3122595e-08
   1.2922467e-08
   9.9999995e-01
   4.6153643e-07
   1.2514114e-01
   9.9999993e-01
   4.3180639e-08
   9.9999983e-01
   3.3944718e-08
   4.0460197e-08
   1.0302990e-06
   3.3606936e-08
   1.1778149e-07
   3.4001904e-07
   4.6862283e-07
   8.9356363e-08
   9.9999994e-01
   1.4839355e-04
   3.4018580e-08
   1.6773243e-07
   9.9999998e-01
   4.8356363e-07
   1.4415763e-06
   7.8150724e-08
   1.3867695e-07
   9.1032238e-07
   1.2050622e-08
   3.6189519e-07
   1.1778149e-07
   2.3122595e-08
   9.9999995e-01
   4.4999082e-01
   1.1228247e-07
   9.0224974e-06
   4.2134760e-08
   2.3122595e-08
   4.3136725e-08
   4.9250650e-02
   1.7569319e-07
   2.1311282e-08
   4.6271893e-07
   4.3136725e-08
   2.3122595e-08
   1.6054883e-05
   1.7491253e-01
   9.9992577e-01
   6.7331673e-08
   9.9999981e-01
   2.1456287e-07
   9.9999995e-01
   1.2392322e-06
   1.2059370e-07
   3.2731090e-07
   3.7436371e-08
   1.5901443e-08
   5.6996611e-08
   9.4530708e-07
   5.2522045e-08
   2.8519182e-07
   1.1228247e-07
   5.5165982e-07
   1.1479821e-06
   7.3100881e-08
   8.2104532e-02
   9.9999995e-01
   9.9999999e-01
   4.2942218e-06
   6.2947272e-08
   2.1627707e-07
   2.2369083e-07
   1.6213774e-04
   1.7491253e-01
   1.7569319e-07
   9.9999962e-01
   9.1599555e-08
   1.0173415e-03
   9.2112707e-08
   2.3122595e-08
   2.2835200e-07
   1.1778149e-07
   9.9164846e-08
   1.0000000e+00
   1.4556236e-06
   1.7153944e-08
   1.3363955e-06
   1.0173415e-03
   5.6372284e-07
   1.1407956e-07
   1.4749471e-04
   9.9999999e-01
   1.7945809e-07
   3.6824403e-08
   4.4930226e-07
   1.6149677e-02
   1.0173415e-03
   1.1778149e-07
   9.9810068e-06
   3.5845713e-01
   1.0233879e-08
   4.6153643e-07
   8.9356363e-08
   1.6072139e-06
   1.6149677e-02
   1.1271811e-07
   1.9365215e-07
   6.9023426e-08
   1.4749471e-04
   3.7671879e-08
   4.4084334e-07
   9.9998891e-01
   1.1407956e-07
   9.9999996e-01
   2.7026917e-02
   3.2182836e-07
   1.6130146e-08
   4.4930226e-07
   9.1875287e-08
   9.9999999e-01
   3.1011979e-08
   2.7321037e-07
   9.9998891e-01
   1.8489153e-01
   1.1401230e-07
   1.0173415e-03
   4.6153643e-07
   9.6236450e-08
   1.0173415e-03
   2.0227810e-07
   1.0000000e+00
   1.6798585e-08
   2.0471159e-01
   5.7996359e-07
   2.2353462e-07
   1.8489154e-01
   6.5193423e-07
   1.1271290e-07
   3.4262543e-08
   7.7030557e-07
   7.6704898e-08
   1.1228247e-07
   1.1799970e-08
   3.7712837e-08
   3.4205015e-08
   4.6791856e-02
   7.9314998e-02
   5.9046315e-01
   9.9999919e-01
   4.6791857e-02
   6.7136101e-09
   3.7671879e-08
   7.7030557e-07
   8.4812509e-01
   3.4001904e-07
   1.0173415e-03
   1.3276978e-07
   3.1091055e-01
   3.4408106e-08
   4.0603007e-02
   3.7671879e-08
   1.7294452e-06
   1.2568801e-08
   5.3221503e-06
   7.8768402e-09
   9.9999782e-01
   9.7141718e-07
   7.8302799e-08
   5.5959011e-08
   1.5846225e-05
   3.8032204e-08
   6.0874422e-07
   5.7531847e-08
   4.3136725e-08
   1.4359617e-01
   8.7298264e-08
   1.8489155e-01
   1.0173415e-03
   3.4422108e-08
   3.2399818e-08
   1.0173415e-03
   4.8573689e-06
   1.0000000e+00
   2.6519932e-08
   3.2399818e-08
   4.6791856e-02
   2.1203053e-06
   8.0723658e-08
   3.5784044e-08
   1.1586801e-07
   2.5226522e-06
   1.0347698e-07
   4.7242452e-07
   8.4146078e-08
   1.3410208e-07
   1.2131906e-07
   1.8489156e-01
   8.8159856e-08
   1.0173415e-03
   9.4592124e-08
   9.1875287e-08
   5.1832502e-08
   1.8777871e-07
   9.7349673e-02
   2.6361389e-08
   3.8786236e-08
   2.0197851e-08
   4.9333896e-02
   1.1418430e-07
   9.9999892e-01
   4.9780226e-07
   1.0173415e-03
   8.5102864e-01
   3.5757148e-08
   5.5283168e-08
   2.3234352e-07
   3.4001904e-07
   9.9999991e-01
   3.8515796e-07
   2.6444790e-08
   1.3258559e-07
   6.4566126e-08
   2.4371777e-02
   1.0654117e-07
   4.0603007e-02
   1.7100307e-08
   9.9999990e-01
   1.0099273e-06
   3.6259164e-08
   9.9975686e-08
   1.2228483e-04
   4.7312911e-08
   1.0478247e-07
   4.0872531e-08
   1.2131906e-07
   1.0000000e+00
   2.1357049e-06
   8.8377775e-03
   1.2102459e-07
   3.4364783e-08
   4.4639196e-07
   2.6444790e-08
   3.0574494e-01
   3.2490870e-08
   5.5348358e-07
   1.1006164e-01
   2.3976971e-08
   1.0000000e+00
   1.0173415e-03
   1.7743357e-07
   5.4121572e-07
   3.3107358e-08
   4.4639196e-07
   5.4633670e-08
   1.0227002e-08
   5.7073181e-01
   4.8849401e-03
   1.0173415e-03
   9.9999951e-01
   4.4639196e-07
   1.1407956e-07
   2.4385773e-08
   9.9999990e-01
   6.2707512e-06
   1.4692526e-01
   9.9999751e-01
   2.0517748e-07
   1.0618078e-08
   3.4094845e-02
   4.4398593e-06
   6.7165321e-06
   1.5533418e-08
   8.7617137e-06
   8.8377775e-03
   4.4639196e-07
   3.6971844e-08
   4.3962218e-01
   4.8849401e-03
   4.9066899e-07
   1.1407956e-07
   3.3774480e-08
   4.9726154e-08
   7.7833895e-08
   7.6801258e-08
   2.3615248e-08
   3.1168983e-08
   1.1407956e-07
   9.9999999e-01
   9.9999981e-01
   2.6444790e-08
   6.8150200e-03
   9.9999997e-01
   7.8582682e-07
   8.8377775e-03
   1.4749471e-04
   2.4614651e-08
   9.9999925e-01
   2.6444790e-08
   6.8150200e-03
   1.0186247e-06
   9.9999880e-01
   2.3418733e-01
   9.4551973e-07
   2.6444790e-08
   6.8150199e-03
   4.9798059e-07
   1.1407956e-07
   1.0636776e-08
   6.8150199e-03
   4.0882579e-01
   3.5314423e-06
   7.6244870e-01
   3.1791581e-08
   7.8582682e-07
   1.1407956e-07
   4.4639196e-07
   3.7711219e-08
   2.3449157e-07
   1.2131906e-07
   4.7912070e-08
   1.9563398e-08
   7.8582682e-07
   1.1505884e-08
   1.0173415e-03
   7.6123424e-07
   1.4230729e-08
   6.8150199e-03
   1.2228483e-04
   4.4639196e-07
   1.0173415e-03
   1.1407956e-07
   5.8325218e-05
   4.3872490e-07
   4.4639196e-07
   1.2508204e-06
   2.3940465e-06
   2.2708493e-08
   1.1795038e-07
   1.1778149e-07
   4.8573689e-06
   3.0365476e-07
   1.5226414e-07
   4.8689595e-09
   3.2182836e-07
   3.8562478e-08
   1.1407956e-07
   1.1778149e-07
   9.9999985e-01
   8.4670669e-08
   1.1355926e-01
   4.1514056e-01
   4.4639196e-07
   3.2780518e-06
   1.2102449e-08
   2.3857102e-07
   1.1407956e-07
   1.6680612e-08
   2.6502672e-08
   8.7617137e-06
   2.5000442e-08
   2.3857102e-07
   4.6559693e-08
   1.1795038e-07
   1.0173415e-03
   9.2370805e-08
   1.2131906e-07
   2.6444790e-08
   2.7834619e-07
   4.1147711e-08
   4.4639196e-07
   4.7564783e-08
   1.0072756e-07
   1.1778149e-07
   5.3184414e-08
   4.5317851e-02
   5.7073179e-01
   8.2104462e-02
   4.7051689e-01
   1.8900229e-05
   1.7569319e-07
   9.9999840e-01
   9.3636891e-08
   1.4230729e-08
   5.3143623e-08
   2.6444790e-08
   8.8388021e-06
   3.7031947e-08
   4.4639196e-07
   1.3699754e-06
   8.6078379e-06
   1.7129811e-08
   1.3596286e-01
   1.2508204e-06
   1.1407956e-07
   1.7450693e-06
   5.9185583e-08
   1.0173415e-03
   1.8900229e-05
   1.1407956e-07
   1.9563398e-08
   5.8871857e-07
   1.9184488e-07
   4.0622527e-02
   1.1778149e-07
   1.0892603e-02
   2.2353462e-07
   1.2131906e-07
   4.4639196e-07
   1.5367702e-08
   6.8150199e-03
   1.0173415e-03
   2.2705758e-07
   2.6444790e-08
   4.4639196e-07
   1.9082903e-06
   4.8373573e-07
   7.8582682e-07
   1.1407956e-07
   3.4724628e-08
   7.8582682e-07
   9.9999972e-01
   9.9999995e-01
   1.0173415e-03
   1.1407956e-07
   7.2239586e-08
   1.2131906e-07
   1.9365215e-07
   7.2508773e-09
   1.1778149e-07
   4.4639196e-07
   5.8055341e-08
   1.3049913e-07
   9.9999876e-01
   9.1689235e-07
   9.9999987e-01
   5.4686830e-01
   4.4639196e-07
   1.8904744e-06
   1.0173415e-03
   1.2131906e-07
   3.9447529e-08
   1.7161774e-01
   1.1778149e-07
   1.8629676e-09
   1.2444109e-07
   7.3416497e-07
   1.1407956e-07
   9.9999999e-01
   1.8904744e-06
   1.9397918e-07
   1.1407956e-07
   1.4180327e-07
   7.8582682e-07
   3.0438591e-01
   5.4018498e-08
   1.0173415e-03
   7.2140630e-08
   2.6018558e-05
   4.4639196e-07
   2.4890363e-07
   4.1857656e-08
   7.9377198e-07
   9.9999986e-01
   1.4230729e-08
   4.7588436e-08
   1.1778149e-07
   1.1407956e-07
   6.1106261e-07
   2.7030359e-08
   3.9174263e-08
   3.6977058e-08
   2.0227810e-07
   6.5645778e-02
   3.0365476e-07
   1.7570271e-01
   9.9999917e-01
   2.6345731e-06
   1.0173415e-03
   2.0227810e-07
   2.5788304e-07
   3.5442796e-08
   9.9999996e-01
   4.4378165e-07
   2.5577554e-01
   2.4694332e-08
   5.4018498e-08
   9.9999746e-01
   3.4507443e-08
   9.9999936e-01
   1.9379815e-02
   5.3344380e-01
   1.0207753e-06
   1.0173415e-03
   8.2941721e-08
   1.1778149e-07
   1.0000000e+00
   6.3834414e-09
   1.0207753e-06
   8.9312364e-01
   9.9999978e-01
   9.9999837e-01
   4.1437585e-07
   3.2182836e-07
   8.2941721e-08
   1.1778149e-07
   9.9999914e-01
   7.2140630e-08
   5.1600827e-08
   2.2626418e-07
   3.8148049e-01
   3.3326550e-02
   9.4448185e-08
   9.1394965e-08
   2.0131289e-06
   4.1476670e-07
   1.4798089e-06
   5.4018498e-08
   7.4592322e-08
   1.0173415e-03
   4.3965161e-08
   2.9162106e-06
   1.1407956e-07
   9.9999981e-01
   4.6477298e-07
   1.7104025e-07
   2.0590521e-07
   1.0566844e-06
   1.0173415e-03
   1.1407956e-07
   2.2353462e-07
   6.4727529e-01
   1.1778149e-07
   2.0332221e-06
   7.2140630e-08
   1.3588332e-07
   1.5146829e-07
   5.8044590e-08
   1.0173415e-03
   3.6851801e-08
   9.9999937e-01
   6.2084276e-07
   1.9415286e-07
   9.9999972e-01
   5.2121684e-08
   7.1474336e-05
   1.3925605e-07
   9.9999915e-01
   9.1394965e-08
   7.2195594e-08
   1.9184488e-07
   5.1148281e-08
   3.5688513e-08
   9.9999989e-01
   9.9999887e-01
   5.3344375e-01
   7.2469431e-06
   1.2621242e-07
   7.3897295e-08
   4.7027719e-02
   3.6079642e-08
   1.0173415e-03
   1.2482175e-07
   1.7775070e-01
   1.5690429e-06
   3.3326549e-02
   4.0604377e-08
   4.8312611e-08
   7.2140630e-08
   3.5845712e-01
   3.8980487e-08
   1.1778149e-07
   1.3937309e-08
   3.4349927e-08
   1.2453486e-07
   9.9999989e-01
   3.8780607e-08
   6.3619118e-07
   7.2469431e-06
   2.6717827e-05
   9.1394965e-08
   5.3344379e-01
   9.9999994e-01
   9.4543641e-07
   9.9999989e-01
   2.5199989e-07
   1.8679639e-07
   1.0173415e-03
   7.2140545e-08
   5.4204703e-08
   9.9999989e-01
   5.1645106e-08
   3.8458720e-08
   4.1977209e-08
   8.1010953e-08
   6.1515939e-06
   9.9999994e-01
   1.0173415e-03
   5.4018498e-08
   1.1778149e-07
   1.6003710e-01
   3.4207029e-08
   4.4639196e-07
   1.0173415e-03
   8.2349500e-08
   6.0003292e-01
   7.2326943e-08
   7.1446391e-07
   4.4639196e-07
   3.2623462e-02
   2.5788304e-07
   9.1084100e-08
   9.9999932e-01
   4.1352519e-01
   6.7550176e-09
   3.6198608e-08
   7.5366373e-01
   3.2964709e-07
   7.2469431e-06
   6.9606681e-08
   3.8458720e-08
   7.2171756e-08
   7.3182393e-07
   1.7491253e-01
   1.9365215e-07
   1.0127254e-08
   1.0173415e-03
   6.9334180e-09
   4.6048250e-07
   1.2840755e-08
   4.7051686e-01
   4.4639196e-07
   9.9999978e-01
   8.8159856e-08
   7.3897295e-08
   9.9999998e-01
   9.9999994e-01
   5.3950123e-08
   4.5725658e-09
   3.3326550e-02
   1.7491253e-01
   3.7334057e-01
   3.3456057e-08
   3.9510115e-05
   1.0743951e-08
   9.4776510e-09
   1.4744551e-07
   4.4639196e-07
   7.5833833e-08
   1.2351331e-01
   5.6300619e-07
   8.8273868e-02
   6.8751696e-08
   6.0515205e-08
   4.7247367e-01
   2.5320871e-07
   1.2587757e-01
   1.1778149e-07
   4.6153643e-07
   4.4378223e-07
   1.2269707e-02
   3.4212792e-08
   9.9999937e-01
   4.4776452e-01
   2.2626418e-07
   1.0982141e-05
   1.4749471e-04
   8.6141180e-07
   3.9630516e-05
   3.4146372e-08
   5.3950123e-08
   3.3326550e-02
   1.4749471e-04
   3.3326550e-02
   9.1453248e-07
   7.4282059e-08
   1.1413245e-07
   9.9999977e-01
   9.1394965e-08
   7.5598238e-07
   3.8676610e-05
   9.9999937e-01
   3.3326550e-02
   2.3739075e-07
   9.9999999e-01
   3.4946789e-01
   7.3927577e-08
   8.5585958e-08
   1.6294491e-06
   9.9999438e-01
   5.8603394e-08
   3.3988020e-08
   9.9998235e-01
   1.5222411e-07
   4.4639196e-07
   9.7212078e-07
   8.4933748e-08
   4.5372261e-07
   3.9510115e-05
   2.3615248e-08
   6.5646319e-02
   9.4331359e-07
   5.6996358e-08
   1.1778149e-07
   7.8012486e-08
   1.3937309e-08
   5.3344380e-01
   3.3718687e-07
   1.7492710e-07
   4.4949088e-07
   9.9999868e-01
   2.5842263e-07
   2.3615248e-08
   3.3488904e-01
   1.1778149e-07
   1.2269707e-02
   9.0809129e-08
   4.9254636e-07
   1.3937309e-08
   8.3593143e-08
   2.3615248e-08
   3.4436099e-08
   9.9999670e-01
   4.4830211e-08
   4.5480079e-08
   1.2642454e-08
   1.1778149e-07
   6.8412404e-07
   8.6364109e-01
   1.0173415e-03
   3.1281228e-08
   5.3344375e-01
   1.0173415e-03
   4.4639196e-07
   7.4181204e-08
   2.6298011e-07
   4.9363345e-01
   6.7598955e-08
   9.9999430e-01
   1.0173415e-03
   1.4910297e-06
   2.3615248e-08
   6.9456563e-07
   9.9999986e-01
   3.5845723e-01
   1.0173415e-03
   1.2919852e-07
   4.7051690e-01
   1.4910582e-06
   3.0475052e-07
   1.4749471e-04
   3.6922649e-08
   3.0387953e-07
   2.6615823e-08
   5.9345911e-08
   9.6748342e-07
   2.8131160e-07
   3.8995384e-07
   1.1778149e-07
   4.5060950e-01
   2.0676668e-07
   3.8187058e-08
   9.9999868e-01
   3.8364881e-07
   4.7051692e-01
   9.9999915e-01
   4.4639196e-07
   6.6717309e-09
   1.4749471e-04
   1.0000000e+00
   8.1874264e-03
   1.0173415e-03
   3.4214586e-08
   1.4938301e-05
   9.4331359e-07
   9.4912287e-08
   9.9999828e-01
   9.9999999e-01
   9.9999978e-01
   8.3421318e-07
   8.3870349e-08
   6.8737627e-09
   1.4749471e-04
   3.4642151e-08
   3.3661938e-08
   1.5224145e-07
   9.9999999e-01
   6.0652728e-08
   3.9287125e-05
   1.2577526e-06
   1.0149143e-08
   2.4414071e-01
   2.6769629e-08
   2.8594823e-05
   3.0634110e-07
   3.8364881e-07
   1.1275342e-07
   6.6142055e-09
   1.2050622e-08
   1.0173415e-03
   2.6326258e-08
   5.3344380e-01
   1.4910582e-06
   1.4879550e-05
   5.4267715e-01
   3.0634110e-07
   9.9999989e-01
   9.2372683e-07
   1.5224145e-07
   9.9999968e-01
   1.0173415e-03
   2.3615248e-08
   6.5845521e-02
   9.9999999e-01
   1.4739712e-06
   1.0173415e-03
   2.1677501e-07
   1.6999979e-06
   1.0173415e-03
   7.2544138e-05
   2.4967539e-07
   3.4379733e-08
   1.3937309e-08
   7.4744397e-08
   5.0140206e-08
   1.1778149e-07
   9.9999934e-01
   6.0652728e-08
   3.5402592e-08
   2.0223841e-06
   1.6681871e-05
   1.1778149e-07
   1.7491253e-01
   5.8622699e-07
   6.8438162e-09
   4.7615172e-08
   6.0652728e-08
   4.1963801e-08
   1.0842656e-01
   6.8150199e-03
   1.8900229e-05
   6.4957720e-06
   1.0173415e-03
   1.2888311e-05
   3.1720195e-07
   2.4110040e-08
   6.7510465e-08
   5.7914915e-08
   1.4230729e-08
   2.3615248e-08
   1.4739712e-06
   7.9253669e-01
   7.0855679e-08
   5.4907641e-01
   6.6593369e-08
   4.4639196e-07
   1.0173415e-03
   2.3363459e-07
   2.1727232e-05
   7.0416348e-08
   6.0652728e-08
   6.8248101e-07
   6.9295406e-08
   1.1778149e-07
   1.4567610e-06
   4.2513765e-01
   3.4570144e-07
   3.8830112e-08
   1.3031638e-06
   2.5866838e-07
   1.0173415e-03
   5.4646674e-08
   3.8364881e-07
   9.7073943e-04
   3.0004125e-08
   1.4279971e-07
   3.3321953e-07
   6.1274345e-08
   2.5866838e-07
   3.7510278e-07
   3.0537870e-07
   1.0173415e-03
   1.4739712e-06
   8.8377774e-03
   2.6754029e-03
   1.3332710e-06
   1.4749471e-04
   1.9054114e-07
   1.9379815e-02
   1.0173415e-03
   9.9999880e-01
   1.0000000e+00
   1.7877247e-08
   1.1778149e-07
   1.0173415e-03
   7.3270496e-07
   5.9181748e-07
   6.1956028e-08
   7.4559850e-08
   3.9696980e-07
   4.9363343e-01
   7.6003656e-02
   3.7700373e-07
   3.5060532e-08
   5.0712152e-01
   2.1073692e-08
   5.4990369e-08
   5.2522045e-08
   1.4910582e-06
   5.1229340e-07
   1.0173415e-03
   1.1778149e-07
   7.0023019e-01
   5.0984143e-08
   1.7491252e-01
   3.3550887e-08
   1.2174752e-08
   9.2056686e-08
   6.8607924e-08
   1.0173415e-03
   6.0652728e-08
   9.6748342e-07
   1.2167604e-06
   9.9999675e-01
   1.0042490e-08
   6.8946461e-08
   6.8562946e-07
   2.1930304e-01
   6.0652728e-08
   2.3919028e-06
   1.0490239e-07
   5.4991759e-07
   1.0000000e+00
   2.1672276e-06
   1.3714987e-01
   5.4978408e-08
   7.9228276e-08
   6.8106847e-01
   1.8551480e-06
   4.8952956e-02
   2.3174247e-08
   6.4344572e-01
   6.0652728e-08
   3.7121761e-07
   5.4978408e-08
   3.3962761e-08
   4.3756582e-07
   3.3318774e-07
   1.4749471e-04
   6.7991804e-08
   1.4739712e-06
   1.9881789e-07
   5.1141441e-07
   3.7165107e-07
   5.4978408e-08
   1.6082520e-07
   3.5686436e-07
   4.2564465e-07
   2.3254242e-07
   8.1170622e-02
   3.0272198e-08
   3.3962761e-08
   1.1778149e-07
   9.9999966e-01
   6.6097015e-01
   3.4281434e-08
   3.8179649e-08
   2.9897521e-07
   2.3915090e-06
   8.6654522e-08
   9.9999809e-01
   3.6015237e-08
   5.1060701e-02
   4.1909994e-08
   1.3757483e-01
   1.1329437e-06
   1.0173415e-03
   6.2547286e-02
   6.7991804e-08
   8.1125311e-07
   5.1019761e-08
   1.0173415e-03
   1.4997030e-07
   1.7491252e-01
   9.7939834e-08
   3.3357622e-07
   3.8888586e-08
   6.7991804e-08
   1.0173415e-03
   1.1778149e-07
   5.8247988e-08
   6.7991804e-08
   2.2279367e-07
   1.0216416e-06
   6.9334257e-08
   2.5660430e-06
   2.1981673e-07
   5.8247988e-08
   1.3302551e-06
   3.3326550e-02
   1.1908577e-07
   2.8995667e-06
   2.2773789e-02
   1.0458305e-06
   3.4252645e-08
   9.9999978e-01
   2.1464604e-08
   1.4483589e-01
   1.8170871e-06
   8.0907162e-08
   5.4978408e-08
   4.1909994e-08
   4.5115215e-06
   4.2189742e-07
   9.1689235e-07
   1.7491254e-01
   7.1474336e-05
   4.4031712e-08
   7.1149280e-08
   2.9161111e-08
   6.4198318e-07
   1.1531675e-07
   5.1333003e-07
   4.4979769e-07
   1.7491252e-01
   3.6094497e-07
   1.0015977e-07
   3.4094314e-08
   4.0832756e-08
   6.3020205e-07
   1.4749471e-04
   1.7450693e-06
   7.1149280e-08
   2.0950239e-08
   3.2496749e-07
   1.9347340e-07
   9.9999936e-01
   3.3428046e-08
   1.8170871e-06
   1.7945561e-07
   1.0173415e-03
   2.6711723e-01
   4.3413265e-07
   3.6674185e-08
   1.4088341e-07
   1.2789064e-06
   4.5485468e-07
   3.8495071e-08
   1.0173415e-03
   5.4978408e-08
   1.1778149e-07
   3.5086840e-08
   1.7491252e-01
   4.0258543e-06
   2.3403274e-06
   2.7009210e-06
   5.8247988e-08
   1.0469531e-08
   3.8247900e-06
   5.4978408e-08
   7.1149280e-08
   1.0443340e-07
   4.2016756e-08
   1.9979265e-06
   5.8812918e-08
   5.4978408e-08
   1.1138382e-06
   4.7546731e-08
   1.5907264e-06
   6.8348053e-07
   6.9424700e-07
   1.4230729e-08
   1.7491253e-01
   7.1149280e-08
   4.2189742e-07
   4.2224185e-08
   1.1986131e-07
   7.1474336e-05
   1.1778149e-07
   7.1149280e-08
   1.5626407e-07
   1.6827259e-07
   3.2254486e-07
   9.9999969e-01
   7.1149280e-08
   5.1350364e-08
   3.5401848e-06
   2.7911371e-07
   3.4756742e-08
   5.4646674e-08
   6.7991804e-08
   9.9999983e-01
   4.1939061e-08
   3.6410223e-08
   1.7491252e-01
   7.2918995e-01
   7.1149280e-08
   9.7141718e-07
   9.9999970e-01
   4.5480079e-08
   1.1778149e-07
   2.1170417e-08
   9.9999910e-01
   3.3888866e-08
   6.6525465e-03
   1.1638309e-06
   8.8350816e-03
   2.1379640e-08
   9.9999993e-01
   9.9999968e-01
   2.5274012e-08
   1.2106592e-06
   2.7404225e-01
   1.9949180e-07
   2.8876100e-07
   1.0978336e-08
   2.4313615e-06
   1.7523269e-01
   1.8239679e-06
   1.0000000e+00
   1.3752428e-06
   2.4872728e-06
   9.9999262e-01
   3.7595036e-02
   6.3012564e-07
   6.3799301e-01
   2.1844430e-01
   7.1149280e-08
   9.9999267e-01
   3.1649715e-08
   9.0229625e-01
   7.1474336e-05
   1.1778149e-07
   8.0324906e-09
   1.2072008e-06
   7.1149280e-08
   8.4086607e-07
   4.6598575e-08
   5.4330872e-08
   8.8350815e-03
   9.4113843e-08
   2.1864295e-08
   4.6209264e-09
   5.4646674e-08
   1.7491252e-01
   4.5223858e-07
   2.4497548e-07
   1.7814649e-08
   9.1453248e-07
   1.4749471e-04
   7.8150915e-01
   1.5483293e-07
   6.7945640e-01
   2.4442599e-08
   3.6919099e-07
   1.2495450e-06
   6.9504071e-09
   7.1474336e-05
   4.2677452e-08
   7.1474336e-05
   1.0013106e-06
   7.1149280e-08
   4.3631059e-08
   5.7771248e-08
   9.9999989e-01
   7.0889619e-08
   6.9158543e-08
   3.0849397e-07
   1.1005112e-07
   4.7051690e-01
   3.3268101e-02
   1.1778149e-07
   1.8409741e-06
   7.1771697e-05
   1.0803242e-01
   3.8032204e-08
   1.7523268e-01
   9.9999989e-01
   1.2164146e-07
   2.2763438e-08
   1.9161730e-08
   1.2054306e-08
   1.8170871e-06
   1.7879302e-07
   2.1889825e-07
   6.0372526e-01
   1.8547618e-09
   6.4230691e-06
   7.0674888e-09
   1.0284464e-07
   9.7153723e-08
   1.0000000e+00
   9.9999877e-01
   5.4718213e-07
   6.7842110e-09
   8.8350816e-03
   1.1479262e-07
   3.8386936e-07
   3.9049491e-07
   6.6525465e-03
   1.1778149e-07
   1.6827596e-07
   5.4978408e-08
   2.5310143e-06
   4.5302547e-07
   4.0974256e-08
   5.2590687e-03
   3.8106698e-08
   1.6227906e-01
   2.5199517e-07
   9.9999877e-01
   8.0937044e-02
   1.4398713e-07
   8.8751062e-02
   4.6559693e-08
   1.0862788e-02
   3.8401108e-07
   2.5199517e-07
   4.7051681e-01
   4.9913453e-08
   2.3254242e-07
   1.3599609e-08
   1.2633158e-06
   2.2209761e-08
   7.6788690e-09
   9.9999937e-01
   6.6525465e-03
   5.4978408e-08
   7.2428355e-09
   1.0765330e-08
   9.9999995e-01
   1.9961188e-08
   6.6525465e-03
   7.1804714e-01
   8.9767368e-08
   8.4681636e-08
   3.8364881e-07
   7.6006908e-07
   1.4749471e-04
   3.9956637e-01
   3.4882958e-07
   6.6525465e-03
   5.4978408e-08
   3.3162655e-08
   3.8466633e-08
   3.7043282e-01
   3.3212283e-08
   1.1944082e-07
   8.7534078e-08
   2.2738124e-06
   6.4743187e-08
   1.8617287e-01
   2.4004017e-07
   1.1778149e-07
   4.6305123e-09
   9.9999971e-01
   4.7187776e-08
   1.7523269e-01
   3.4490638e-07
   4.2564650e-08
   1.0295009e-07
   4.1307051e-07
   1.1778149e-07
   2.4607552e-07
   1.8093142e-07
   4.8425985e-02
   8.8350816e-03
   3.5857064e-07
   1.0563108e-07
   1.0000000e+00
   9.9978868e-01
   2.4607552e-07
   1.0000000e+00
   3.4171830e-08
   1.0173415e-03
   5.4978408e-08
   8.1590684e-09
   4.5485468e-07
   9.9999744e-01
   1.0173415e-03
   2.5015963e-07
   1.7284500e-07
   2.9002626e-07
   9.1016363e-01
   2.1938023e-07
   6.0652728e-08
   1.1778149e-07
   1.0706584e-08
   3.3575765e-07
   5.8225558e-08
   2.4086657e-07
   2.4316415e-06
   4.4051443e-09
   1.5894585e-02
   4.1753728e-07
   7.5797177e-08
   7.2321681e-01
   1.8136993e-07
   1.4230729e-08
   1.2446132e-06
   8.8350815e-03
   6.5920093e-09
   1.1744408e-08
   5.4978408e-08
   8.8350816e-03
   2.4607552e-07
   6.0652728e-08
   9.9998891e-01
   4.8831980e-08
   6.8530638e-07
   5.4978408e-08
   2.3342758e-08
   9.9999999e-01
   1.0173415e-03
   2.4607552e-07
   3.8364881e-07
   1.1744408e-08
   3.5642035e-07
   3.6535230e-06
   4.5485468e-07
   8.8350815e-03
   9.9999990e-01
   1.1744408e-08
   3.7847144e-08
   1.0000000e+00
   1.3691143e-06
   6.3404032e-07
   1.0173415e-03
   2.7821635e-07
   9.9999990e-01
   1.0173415e-03
   2.1091634e-07
   1.0447420e-01
   1.4938301e-05
   2.4458465e-06
   2.7497450e-06
   4.5485468e-07
   3.3069942e-07
   5.4978408e-08
   2.9698455e-08
   1.2633158e-06
   1.2633158e-06
   6.0652728e-08
   1.4928789e-09
   9.9999935e-01
   2.4607552e-07
   1.0173415e-03
   9.9999994e-01
   1.2633158e-06
   2.4307868e-07
   5.2872375e-07
   3.1668365e-02
   2.4607552e-07
   9.9999990e-01
   9.9999992e-01
   5.3535974e-07
   1.4879550e-05
   2.3176954e-02
   7.3846876e-08
   9.9999773e-01
   1.7959979e-01
   9.9975686e-08
   7.0056898e-01
   6.0517946e-08
   7.3927577e-08
   5.2101572e-08
   3.4435025e-06
   9.7986671e-08
   5.9116371e-07
   9.9999990e-01
   1.4148944e-07
   1.7221123e-01
   1.2105152e-07
   1.1189056e-07
   5.7720131e-07
   1.0488685e-06
   1.4910297e-06
   6.6352722e-07
   3.8972618e-08
   5.7195837e-08
   4.7051688e-01
   1.0000000e+00
   1.3498500e-06
   1.5226414e-07
   4.8970926e-01
   3.3326550e-02
   2.6676320e-07
   3.3631693e-08
   1.4420010e-07
   3.7526672e-07
   5.8044325e-02
   3.3326550e-02
   3.4347955e-08
   3.8417939e-08
   1.4217276e-07
   3.4648980e-08
   9.9999594e-01
   9.9999994e-01
   9.8436884e-08
   1.4217276e-07
   3.7617638e-08
   7.9194936e-08
   7.3971253e-08
   1.4749471e-04
   4.5480079e-08
   1.4910297e-06
   7.3897295e-08
   1.7221123e-01
   1.4910297e-06
   8.1003283e-07
   8.0723658e-08
   2.7459923e-01
   5.7419869e-07
   5.7720131e-07
   1.1992163e-04
   1.0000000e+00
   1.0237974e-06
   5.5914382e-08
   3.6069514e-08
   5.6962581e-07
   1.4910297e-06
   5.1211832e-08
   1.1005091e-07
   6.7819992e-08
   8.2865610e-02
   6.4152401e-01
   2.7195428e-06
   3.3869846e-08
   1.0000000e+00
   6.9925706e-08
   6.7709249e-08
   8.0273090e-08
   6.9035721e-01
   1.6307557e-07
   6.5767485e-09
   9.9997965e-01
   5.6400055e-06
   6.4152397e-01
   1.4846561e-07
   5.5647827e-08
   1.0000000e+00
   9.9999991e-01
   6.4152403e-01
   5.4879831e-08
   6.8914633e-08
   3.9031412e-08
   3.3326550e-02
   1.5529906e-02
   2.9535482e-07
   4.8580211e-06
   8.3800251e-08
   4.3543141e-07
   1.5529906e-02
   3.8466633e-08
   1.1273569e-06
   1.4910297e-06
   1.4148944e-07
   1.6304152e-07
   6.8507897e-08
   3.3326550e-02
   3.4653113e-08
   4.6263174e-02
   5.5865743e-08
   1.1730484e-07
   1.1947768e-07
   1.4264239e-08
   6.9434779e-02
   3.9333692e-08
   5.5865743e-08
   9.9999878e-01
   5.5647827e-08
   3.4394636e-08
   4.3136725e-08
   4.4598361e-02
   2.8244883e-08
   5.5865743e-08
   3.3000757e-08
   9.9999594e-01
   1.0918181e-08
   9.7919200e-07
   1.8609483e-07
   8.1157968e-02
   3.9554803e-08
   6.3413974e-01
   2.3515005e-07
   1.1191373e-07
   1.3905982e-06
   5.6695685e-02
   1.5529906e-02
   1.3080295e-07
   1.6233087e-01
   3.8453691e-07
   1.1075955e-07
   3.3326550e-02
   3.4366713e-06
   9.9999996e-01
   8.7370669e-09
   1.4807610e-04
   4.9261416e-08
   9.9999715e-01
   4.4964067e-07
   4.7755126e-06
   5.5337402e-08
   5.7276445e-08
   1.4230729e-08
   2.7342515e-07
   2.4772144e-06
   1.3009131e-06
   2.3055052e-08
   5.3925645e-08
   2.7195428e-06
   1.2865567e-07
   9.3613866e-08
   3.1627174e-02
   8.0058534e-01
   2.2902043e-07
   1.0749388e-07
   3.9463830e-08
   8.2120775e-09
   9.4331359e-07
   6.8615575e-08
   8.0318287e-02
   4.9366684e-08
   1.4749471e-04
   7.1474336e-05
   1.8913086e-08
   1.4749471e-04
   3.9463830e-08
   4.7051693e-01
   1.2691640e-07
   9.9999839e-01
   5.5442949e-08
   7.5362055e-08
   9.4331359e-07
   1.1191373e-07
   4.1125159e-07
   3.6519935e-08
   6.9194681e-08
   1.1390735e-07
   2.2055568e-07
   1.4230729e-08
   1.0714930e-07
   3.4892112e-08
   9.1411161e-01
   3.9463830e-08
   6.9569779e-07
   1.1335576e-07
   6.8914633e-08
   5.1975668e-01
   5.5865743e-08
   3.9463830e-08
   3.4470508e-08
   1.1306914e-07
   6.8736455e-08
   5.8304084e-08
   1.0000000e+00
   5.5865743e-08
   2.8068418e-08
   2.7075834e-08
   3.1011979e-08
   3.9379950e-09
   6.8567284e-08
   3.3984082e-08
   2.3526389e-07
   5.5865743e-08
   1.1116197e-07
   4.1532833e-08
   2.5167587e-07
   3.8485849e-08
   1.0000000e+00
   4.8237646e-08
   1.4482229e-01
   4.0588070e-07
   4.3894090e-05
   9.9999727e-01
   6.1654134e-02
   3.4892112e-08
   8.0083496e-02
   5.4740739e-07
   3.9205240e-08
   2.5549844e-08
   6.8567284e-08
   3.3411151e-07
   4.8237646e-08
   8.9522354e-07
   3.6623532e-08
   1.5270455e-01
   4.5066813e-01
   1.8010131e-06
   9.5291779e-08
   3.5005612e-07
   7.6722261e-02
   2.4305109e-07
   1.6304157e-07
   5.5865743e-08
   1.8610661e-07
   4.3614253e-07
   1.0000000e+00
   7.6236983e-08
   5.4740739e-07
   1.2131122e-07
   4.5066814e-01
   1.5868444e-01
   5.7704391e-01
   7.1264995e-07
   6.7713064e-08
   3.9472567e-08
   3.5872325e-08
   2.5955002e-07
   4.6201099e-08
   5.5622410e-01
   3.8647846e-08
   5.7109297e-07
   1.0712130e-07
   9.9999487e-01
   2.7026884e-02
   4.0187634e-07
   3.7650115e-08
   1.0183329e-07
   6.9965130e-08
   1.3675478e-07
   9.9999996e-01
