   9.1481025e-08
   1.0012217e-07
   1.1908335e-02
   1.0597204e-07
   2.2891017e-07
   2.2703437e-07
   1.3918585e-07
   1.3955590e-07
   1.1339719e-07
   1.1215319e-07
   2.2810842e-07
   1.8773374e-07
   1.8610824e-07
   2.9241225e-02
   1.1908323e-02
   4.9804944e-08
   4.3248758e-08
   1.5996245e-02
   4.7669820e-08
   3.0619481e-07
   1.6554425e-07
   4.8725146e-07
   3.6648624e-07
   2.9241255e-02
   9.4864407e-07
   4.9908983e-07
   3.6680059e-07
   2.9807731e-01
   5.8898972e-07
   3.0103544e-07
   1.3437463e-07
   1.2949571e-07
   1.0877003e-07
   4.6065895e-08
   7.1290034e-08
   8.5957605e-08
   2.6439921e-07
   1.1450035e-07
   1.1972604e-07
   3.9519296e-02
   9.9999282e-01
   3.9519317e-02
   3.9519260e-02
   4.5803833e-08
   9.1481025e-08
   7.1290034e-08
   5.8526107e-08
   4.7132513e-08
   8.2216612e-08
   1.2532192e-07
   6.7836151e-08
   3.6884436e-07
   7.3775539e-08
   5.5400927e-08
   6.6843691e-08
   1.3997870e-07
   6.6814633e-08
   3.1369784e-06
   6.6814633e-08
   5.3383236e-08
   5.4178669e-08
   6.7622298e-08
   2.2746489e-07
   2.2746489e-07
   2.2746489e-07
   2.2746489e-07
   7.0582251e-08
   5.0422767e-02
   5.5196856e-02
   1.0532333e-07
   1.1941555e-07
   4.3705276e-02
   1.3082565e-01
   5.6618410e-08
   1.6627766e-07
   1.2694991e-07
   2.2755628e-07
   9.9999909e-01
   6.0278487e-08
   3.2177291e-07
   4.3253002e-07
   3.4611759e-07
   4.3607631e-08
   1.6376818e-07
   4.2104683e-07
   3.2177291e-07
   1.5136591e-07
   4.0638391e-08
   3.3603486e-08
   3.8992795e-08
   3.7655894e-08
   1.2547296e-07
   7.8215909e-08
   2.1515161e-07
   6.8646067e-02
   8.7113466e-04
   9.9999986e-01
   5.2931958e-07
   9.9999988e-01
   9.9999990e-01
   9.9999990e-01
   9.9999975e-01
   9.9999989e-01
   9.9999991e-01
   9.9999986e-01
   9.9999990e-01
   1.7858044e-07
   1.7858044e-07
   1.7858044e-07
   2.2704448e-07
   2.1737841e-06
   2.1757762e-07
   6.0001674e-08
   3.2796733e-07
   3.2796733e-07
   6.9486079e-08
   3.7671613e-07
   4.2752659e-08
   9.3166863e-08
   9.3166863e-08
   9.3994235e-08
   9.9999978e-01
   9.3994235e-08
   6.6389079e-01
   8.6563829e-08
   6.9287158e-08
   1.5191874e-07
   1.5192169e-07
   4.8482601e-08
   1.0558972e-07
   1.0668361e-07
   9.8331322e-08
   6.6986473e-01
   1.1395457e-07
   9.0095801e-01
   4.6798825e-08
   1.1395457e-07
   7.8790136e-08
   2.8936764e-07
   5.0556049e-06
   6.0903240e-07
   6.0907694e-07
   4.7183191e-01
   1.7858044e-07
   3.8775993e-07
   8.2689486e-08
   6.1060222e-07
   6.5155006e-08
   1.8050597e-07
   5.4699199e-08
   5.4039499e-08
   5.5223490e-08
   5.5223490e-08
   6.4107612e-08
   2.8868780e-07
   6.4107612e-08
   1.0720748e-07
   2.3389322e-07
   4.2071654e-07
   2.3383032e-07
   2.3389322e-07
   4.1997635e-08
   3.5694025e-07
   6.1084176e-01
   4.7303796e-07
   1.8525783e-07
   9.0400933e-01
   1.9014315e-07
   8.7703085e-02
   2.0504602e-07
   2.0504602e-07
   4.7338904e-08
   1.7858044e-07
   5.9513187e-08
   4.1337346e-07
   5.9513187e-08
   8.6506389e-08
   7.8724374e-08
   7.8718551e-08
   7.8718551e-08
   9.3560265e-08
   9.3560265e-08
   9.4893191e-04
   7.5633180e-08
   3.5453834e-07
   5.4471636e-08
   1.7582421e-07
   6.6421201e-08
   7.8464777e-08
   9.4011528e-08
   9.4582394e-08
   3.9815340e-08
   1.8908579e-07
   1.2905801e-07
   3.7613876e-08
   2.2889951e-07
   9.1481025e-08
   1.7858044e-07
   2.5966936e-07
   1.3145689e-06
   2.3143793e-07
   3.0423148e-07
   2.3143793e-07
   9.9999952e-01
   4.4313673e-08
   1.1899089e-07
   6.2982026e-08
   7.9613799e-01
   5.1027861e-08
   1.2191282e-07
   7.0872693e-08
   1.3782287e-07
   1.3782287e-07
   7.0872693e-08
   5.9694051e-08
   3.8871692e-07
   1.0026915e-07
   9.9999982e-01
   6.9815145e-02
   7.4928635e-01
   1.7404630e-07
   3.1982707e-07
   1.0365132e-06
   1.3340834e-07
   1.8987177e-01
   1.4936983e-07
   3.9057719e-07
   9.9459253e-08
   9.7895460e-08
   1.3325626e-01
   1.3325578e-01
   1.3325582e-01
   1.3325649e-01
   8.4047102e-08
   5.6713610e-01
   4.8615202e-08
   5.4804884e-08
   6.3358278e-08
   9.9999987e-01
   6.2873935e-08
   1.2542271e-07
   9.9999979e-01
   4.7669820e-08
   1.2147483e-03
   6.2873935e-08
   7.4927105e-02
   1.1908319e-02
   1.2117570e-01
   7.4525846e-08
   8.7694680e-08
   1.4418059e-07
   9.9999987e-01
   2.1459817e-07
   1.7925882e-01
   8.8402583e-08
   2.3864611e-07
   9.7122008e-08
   8.8402583e-08
   9.1481025e-08
   4.7551512e-08
   2.7561741e-07
   1.2275845e-07
   8.1396043e-08
   2.9902177e-07
   1.4401013e-07
   6.4108255e-08
   1.0366375e-07
   1.1748599e-07
   7.2209828e-08
   7.2209828e-08
   2.0343528e-07
   7.2209828e-08
   1.3955590e-07
   1.2567010e-07
   5.5507617e-08
   3.7829753e-02
   3.4839373e-02
   1.3562359e-07
   9.9999973e-01
   9.9999909e-01
   9.9999978e-01
   6.3887267e-01
   8.6329588e-01
   9.9999981e-01
   2.1552439e-07
   9.6664705e-07
   2.7713374e-07
   1.5874580e-07
   4.4214207e-07
   6.9815145e-02
   6.9815145e-02
   5.3950497e-07
   1.6520801e-07
   1.6520801e-07
   1.6520801e-07
   5.3950497e-07
   5.3950497e-07
   1.6520801e-07
   6.0252925e-08
   2.2703437e-07
   1.6148710e-07
   1.1435018e-07
   2.6805455e-07
   2.6811350e-07
   1.0569294e-07
   6.0534688e-02
   2.6805455e-07
   6.0534631e-02
   1.2117449e-01
   1.4616383e-03
   1.0532333e-07
   1.2117437e-01
   1.4616383e-03
   4.7022413e-08
   1.0925868e-07
   1.0004924e-07
   1.4936096e-07
   1.1972202e-07
   7.3283280e-08
   5.1274304e-01
   7.8715745e-08
   6.2899707e-08
   4.6327712e-08
   9.9999948e-01
   3.3784727e-08
   3.7726484e-08
   2.2704448e-07
   3.7948802e-01
   6.4023992e-07
   7.3252322e-08
   2.1857972e-01
   1.6544598e-07
   1.5660224e-07
   6.0243082e-02
   1.7680027e-07
   9.4862288e-08
   6.2666666e-08
   3.7948802e-01
   6.2860061e-08
   2.6685331e-07
   6.7993892e-08
   6.7993892e-08
   2.2739648e-07
   1.4075067e-07
   1.8230397e-07
   1.4075067e-07
   1.6889140e-07
   1.6889140e-07
   1.6889140e-07
   1.2635462e-07
   1.4863327e-07
   1.2635462e-07
   7.4528741e-08
   1.7700283e-07
   5.7283456e-08
   4.0485120e-08
   8.0038535e-08
   7.2259143e-08
   1.3763308e-07
   7.2259143e-08
   1.3763308e-07
   1.1196494e-07
   1.2186384e-07
   7.8117970e-08
   9.9999925e-01
   2.0293999e-07
   7.9823561e-01
   5.2474389e-08
   8.4014927e-07
   9.9999979e-01
   1.0132313e-05
   1.5886185e-07
   9.9999969e-01
   9.9999982e-01
   9.9999991e-01
   1.3658560e-06
   2.5547022e-07
   9.9999987e-01
   7.5971162e-01
   3.3550602e-07
   2.5898214e-01
   9.7605776e-06
   5.4892863e-03
   1.4435877e-07
   4.5241788e-01
   6.5446361e-08
   9.9999987e-01
   1.4188922e-01
   9.9999976e-01
   9.9999989e-01
   4.5181665e-01
   9.1751307e-07
   9.9999964e-01
   9.9999989e-01
   4.5241788e-01
   4.5241788e-01
   9.9999984e-01
   9.9999983e-01
   9.9999981e-01
   3.8467028e-01
   3.4896624e-01
   1.3331611e-06
   9.9999777e-01
   5.5091541e-02
   4.9574835e-08
   8.8730182e-07
   2.7880058e-01
   5.7514431e-08
   9.9999985e-01
   9.9999978e-01
   9.9999988e-01
   4.7403493e-08
   8.0919642e-07
   9.9999965e-01
   3.0576895e-01
   1.3215560e-01
   1.6725424e-07
   1.4739430e-01
   2.3986299e-07
   9.9999973e-01
   2.7999398e-01
   9.9999986e-01
   1.0137771e-07
   3.7361400e-07
   2.6520342e-07
   4.9067384e-08
   7.9823920e-01
   1.0681660e-07
   1.4477285e-07
   6.5446361e-08
   2.2798405e-07
   6.0578206e-02
   9.9999988e-01
   2.2740325e-07
   7.0064946e-07
   9.9999983e-01
   1.2611704e-01
   4.2384115e-01
   3.7477038e-08
   5.5851194e-07
   2.0394566e-06
   2.0174794e-07
   1.5411562e-01
   6.5697411e-07
   1.2705510e-07
   3.3550602e-07
   1.0553249e-06
   1.1131954e-06
   2.1201755e-07
   9.9999977e-01
   9.9999977e-01
   9.9999977e-01
   7.7616543e-08
   9.9999978e-01
   4.5180509e-01
   9.9999977e-01
   7.6885411e-08
   5.1541465e-07
   4.2309831e-08
   4.9036113e-07
   4.9376425e-07
   4.0162676e-07
   2.0416618e-07
   3.2819472e-07
   8.2133482e-01
   1.2433513e-06
   1.3027402e-07
   8.1916636e-07
   2.8046525e-06
   5.5634365e-07
   2.1126135e-06
   3.2773484e-03
   6.3368992e-07
   4.4103259e-07
   2.6810178e-07
   2.8080129e-07
   3.8048457e-07
   1.6679872e-07
   4.8603907e-07
   1.3052573e-07
   2.0708926e-07
   2.5820736e-07
   4.8603907e-07
   1.6634504e-07
   6.3368992e-07
   2.6810178e-07
   1.9948981e-07
   1.3347875e-07
   1.9948873e-06
   2.0277661e-07
   6.7399971e-07
   5.0671562e-07
   9.9999812e-01
   5.5634365e-07
   4.8603907e-07
   2.8439098e-01
   2.2871922e-06
   2.3915596e-07
   2.2458287e-07
   3.5396872e-07
   4.8470819e-07
   2.2073422e-07
   3.8048125e-07
   2.5394968e-07
   4.4390719e-07
   3.6605706e-02
   5.3747321e-07
   1.0257089e-01
   3.9587758e-07
   1.3129486e-07
   3.2046010e-07
   4.2376393e-07
   1.1444818e-02
   4.2556465e-07
   3.5686266e-07
   3.1013799e-07
   3.7731848e-07
   6.3368992e-07
   9.9999974e-01
   2.9256693e-07
   3.6597913e-07
   8.3718146e-07
   4.2905565e-07
   6.1641124e-07
   2.0396046e-07
   8.5508819e-07
   2.4461755e-01
   3.7731848e-07
   7.8327074e-07
   1.8720338e-07
   1.2438146e-06
   1.5213989e-07
   3.6005197e-07
   5.3380743e-07
   2.4682711e-07
   2.1780705e-07
   5.3181231e-07
   2.9187490e-07
   2.9030659e-07
   3.0895129e-07
   4.0881194e-07
   2.1452374e-06
   1.7764714e-07
   2.6399056e-07
   4.4103259e-07
   2.8723652e-07
   2.6811037e-07
   1.5619404e-07
   1.4456896e-07
   1.3474163e-07
   2.4807925e-06
   3.2714710e-07
   4.9690778e-01
   4.4103259e-07
   7.5557813e-07
   1.4852048e-07
   4.8015386e-02
   7.1468915e-07
   2.6810178e-07
   9.9999683e-01
   6.2933001e-02
   4.2615793e-07
   1.2562578e-07
   1.0404818e-07
   1.4452359e-07
   1.9683624e-07
   2.3304747e-07
   9.9999876e-01
   1.5206356e-07
   2.1824281e-07
   1.6763973e-07
   5.3886194e-07
   1.5060899e-07
   6.3368992e-07
   5.4822044e-07
   1.5513955e-07
   4.8603907e-07
   4.1938593e-07
   2.9764334e-07
   4.0226172e-07
   3.6066700e-07
   1.8642035e-07
   2.2871922e-06
   2.2815602e-07
   1.2605117e-06
   2.9431142e-07
   1.4438550e-07
   2.4676350e-07
   6.9496825e-07
   9.9999971e-01
   5.3886194e-07
   1.6092380e-07
   1.4452359e-07
   4.0478128e-07
   7.2289660e-02
   6.5545924e-07
   4.2615793e-07
   2.1126135e-06
   1.7694125e-07
   1.9128207e-07
   3.4175203e-07
   2.2871922e-06
   5.0820720e-07
   4.8748723e-02
   1.9436161e-07
   3.1555761e-07
   2.2871922e-06
   1.7774742e-07
   2.6811037e-07
   1.1984630e-06
   3.0997204e-07
   1.3586625e-07
   6.5387313e-07
   9.4063392e-07
   3.6066700e-07
   1.5510088e-07
   1.3050020e-07
   4.5741065e-01
   1.7641898e-07
   3.6066700e-07
   3.3866867e-07
   1.5992855e-07
   7.8956900e-07
   3.9336464e-01
   8.8569304e-07
   4.2905565e-07
   1.9449944e-07
   4.1427124e-07
   4.4103259e-07
   1.2154477e-07
   2.3516905e-07
   1.4332943e-07
   2.9764334e-07
   2.3214566e-07
   3.0685899e-07
   3.5686274e-07
   1.7253805e-07
   1.8966347e-07
   2.8268964e-07
   3.7731848e-07
   3.3048966e-07
   6.0893132e-07
   3.6420311e-01
   3.3692668e-07
   2.1986423e-06
   4.9465085e-07
   1.8647267e-07
   4.4103259e-07
   5.6595168e-07
   1.4395993e-07
   4.7104003e-07
   5.3886194e-07
   3.6066700e-07
   1.6122878e-07
   3.5686274e-07
   1.5901742e-06
   3.4175203e-07
   9.9090702e-01
   3.8887053e-01
   3.5401041e-07
   3.1264397e-07
   4.1938593e-07
   1.8116124e-07
   3.6066700e-07
   6.0893132e-07
   2.3555964e-07
   3.3208642e-07
   1.1984630e-06
   2.9350039e-07
   5.6640814e-07
   3.4175203e-07
   2.6539039e-02
   1.4479693e-01
   3.6630373e-07
   4.9392085e-07
   1.8526643e-07
   3.6066700e-07
   5.0820720e-07
   6.3368992e-07
   4.8603907e-07
   2.8833170e-07
   3.5327647e-07
   3.9391575e-07
   2.0033346e-07
   2.6890421e-07
   1.2455549e-07
   3.2421784e-07
   1.6882810e-07
   4.1033160e-07
   2.7494546e-07
   3.5686274e-07
   8.3109600e-07
   1.1984630e-06
   4.7476092e-07
   4.1132159e-07
   4.8126417e-07
   8.8599313e-07
   4.9020806e-03
   3.5686274e-07
   3.1022495e-02
   6.2706826e-07
   2.3875694e-07
   7.7160789e-01
   3.4175203e-07
   8.9486094e-07
   3.4510835e-07
   2.6525775e-07
   2.4641027e-07
   2.3482744e-07
   1.8116124e-07
   1.7118236e-02
   5.0820720e-07
   3.4175203e-07
   9.0238898e-07
   6.6443992e-07
   1.6882810e-07
   5.4437459e-07
   2.5413939e-07
   4.2733933e-07
   4.2458432e-07
   1.1984630e-06
   2.4614730e-07
   1.4354599e-07
   6.3368992e-07
   3.7070625e-07
   1.8128044e-07
   3.4510835e-07
   2.2021139e-07
   9.9999704e-01
   4.9465085e-07
   3.6066700e-07
   4.2740285e-07
   7.2242225e-07
   7.7923858e-01
   1.4354101e-07
   3.1822695e-07
   4.1521482e-07
   4.1902623e-07
   1.4150419e-02
   9.8615074e-08
   4.1938593e-07
   9.9999991e-01
   6.0893132e-07
   3.6223739e-07
   3.6066700e-07
   6.5743651e-02
   8.7061077e-02
   3.3444287e-07
   4.2952068e-07
   4.1938593e-07
   3.4640699e-07
   2.1051626e-01
   5.0225650e-07
   4.2740285e-07
   3.5686274e-07
   3.5632792e-07
   4.8603907e-07
   1.4408098e-07
   4.6069454e-07
   1.6325797e-07
   4.5864564e-07
   5.6150964e-07
   4.1938593e-07
   1.5569552e-01
   6.3368992e-07
   3.7042781e-07
   1.0741084e-02
   4.1422413e-05
   4.8603907e-07
   1.4615226e-07
   2.1446006e-07
   2.1952165e-07
   4.9465085e-07
   3.5832978e-07
   1.6457521e-06
   4.7033410e-07
   7.4381674e-07
   4.2585632e-07
   7.5942877e-01
   2.3312701e-02
   6.3368992e-07
   1.8609160e-07
   4.8603907e-07
   2.3837555e-06
   1.6895950e-07
   7.0174605e-07
   4.8603907e-07
   6.3368992e-07
   1.8590850e-07
   1.8722983e-07
   6.2461544e-07
   3.6136404e-07
   3.3783238e-07
   5.2208375e-07
   3.1766982e-07
   1.3692557e-06
   4.9807137e-07
   1.9331878e-07
   1.4437889e-07
   1.8490870e-07
   1.9196095e-06
   4.2612884e-07
   3.2714710e-07
   2.0865687e-07
   2.3290343e-07
   4.4295353e-07
   4.6050379e-07
   6.1337377e-07
   2.6810178e-07
   1.8928406e-07
   1.1620844e-06
   4.7264368e-07
   1.2487494e-01
   6.8055487e-07
   1.2429008e-06
   2.3007535e-01
   1.5477537e-07
   1.0229075e-06
   2.2803997e-07
   4.8603907e-07
   4.1805684e-07
   1.8722983e-07
   7.9097646e-07
   7.3041069e-06
   1.6761302e-07
   4.1938593e-07
   1.8657748e-07
   1.8973870e-07
   2.4515559e-07
   6.1208055e-01
   4.0771316e-07
   1.8422996e-07
   1.1001748e-01
   1.8687534e-07
   4.2423726e-07
   4.9465085e-07
   4.8603907e-07
   5.0837987e-07
   1.1620844e-06
   1.7769860e-07
   4.9465085e-07
   3.8608265e-07
   1.2791511e-04
   7.2594038e-02
   1.9202693e-07
   4.4637031e-07
   2.5051712e-06
   1.8973870e-07
   1.2589522e-07
   1.3120431e-05
   3.7124166e-07
   7.2594038e-02
   2.0009222e-07
   3.5750710e-07
   1.7491337e-07
   3.8320250e-01
   4.8543347e-07
   4.1492656e-07
   1.5630185e-02
   2.4486985e-06
   6.3368992e-07
   2.5546535e-02
   4.1938593e-07
   3.5983924e-07
   1.7491337e-07
   2.2965140e-07
   3.6066700e-07
   5.8645345e-07
   1.4950530e-07
   6.2770675e-07
   3.6066700e-07
   3.2296860e-07
   2.6810178e-07
   1.8405036e-07
   2.0656226e-07
   2.0746039e-06
   7.1044729e-07
   2.9813618e-07
   2.0011490e-07
   5.8318133e-07
   1.2750357e-06
   4.8930727e-07
   4.2184884e-07
   4.0178839e-07
   1.7491337e-07
   1.2986421e-07
   1.2969657e-07
   4.1252235e-07
   8.0081327e-07
   2.0152881e-07
   7.3486052e-07
   2.2300558e-06
   5.4434837e-01
   6.3368992e-07
   3.4116964e-07
   1.7483805e-07
   3.4580666e-07
   2.1628118e-07
   4.1492656e-07
   1.8731175e-07
   3.3276727e-07
   8.5272005e-02
   2.0077165e-07
   8.1770778e-07
   2.0473762e-07
   3.0814399e-07
   7.3366382e-07
   3.3743188e-07
   7.2112043e-07
   6.3368992e-07
   4.8930727e-07
   1.6619898e-07
   1.3356949e-07
   4.6758244e-07
   4.9807137e-07
   5.6303860e-07
   4.8930727e-07
   1.5634479e-07
   1.7713598e-01
   2.5388652e-07
   1.7788014e-07
   3.0170434e-07
   1.5634479e-07
   4.8930727e-07
   6.1218741e-07
   7.2594038e-02
   7.5261144e-01
   1.6498944e-07
   1.9142741e-07
   1.5220418e-07
   1.1620844e-06
   2.6810178e-07
   5.8572190e-07
   2.7882873e-07
   1.0295533e-01
   5.4698056e-07
   1.9972043e-07
   1.6053916e-01
   3.7004141e-07
   4.9338029e-07
   4.6758244e-07
   5.0011072e-07
   7.1059297e-07
   2.0084044e-07
   1.6186141e-07
   6.2685732e-08
   2.9030156e-06
   1.1938626e-06
   1.9351658e-07
   2.0103083e-07
   4.8711588e-07
   5.8645345e-07
   7.2594038e-02
   2.5388652e-07
   5.2255809e-01
   2.8833170e-07
   4.8561614e-07
   2.9842975e-07
   4.8930727e-07
   3.6039010e-07
   6.3368992e-07
   3.4584364e-07
   9.1247555e-01
   5.6501166e-07
   4.5879568e-07
   7.6838029e-07
   4.8561614e-07
   2.7266613e-01
   3.5358513e-07
   3.6066700e-07
   6.9061030e-07
   2.7021718e-07
   1.1467419e-07
   1.8973870e-07
   4.9743758e-06
   4.8561614e-07
   6.3368992e-07
   2.0161441e-07
   2.8963638e-07
   2.8323523e-07
   1.7491337e-07
   3.4580666e-07
   5.6442497e-07
   4.9743758e-06
   1.1744275e-06
   2.6454391e-07
   1.6708407e-07
   3.6066700e-07
   4.2905565e-07
   1.0989736e-07
   3.9552624e-07
   3.5358513e-07
   7.9963546e-07
   3.5750710e-07
   2.5674986e-07
   6.1288453e-07
   1.8973870e-07
   3.4618836e-07
   2.1126135e-06
   1.8178838e-06
   2.6268000e-06
   3.9552624e-07
   4.1087832e-07
   3.4165795e-07
   4.8561614e-07
   1.7491337e-07
   3.4549150e-07
   4.8561614e-07
   1.3245170e-07
   1.7416610e-01
   4.8908309e-07
   2.5914668e-04
   2.0509239e-07
   2.0892993e-07
   4.1087832e-07
   8.6697461e-07
   4.6688886e-07
   4.1353673e-07
   8.8959285e-07
   4.8917019e-07
   4.6758244e-07
   3.1299044e-07
   4.1185208e-07
   2.7022754e-07
   1.0978881e-07
   3.0100219e-07
   1.3490866e-06
   6.9173787e-07
   1.0978881e-07
   9.2670428e-01
   4.2905565e-07
   8.8959285e-07
   1.9807337e-07
   3.4116964e-07
   4.8561614e-07
   2.8755776e-07
   2.5527256e-07
   1.3147018e-07
   7.2436453e-07
   4.2905565e-07
   3.0015755e-07
   2.4181928e-07
   7.8322727e-01
   1.0213586e-06
   4.3949670e-07
   2.4594512e-07
   1.2182339e-07
   4.5961143e-07
   1.6043399e-05
   1.7292639e-07
   1.2200911e-07
   1.8205892e-07
   1.5634479e-07
   6.9770731e-07
   9.5072841e-06
   4.1087832e-07
   4.8561614e-07
   1.7647665e-07
   1.7562650e-07
   4.8561614e-07
   3.6258204e-07
   3.6214622e-07
   1.2500585e-06
   1.7562650e-07
   1.0978881e-07
   1.1616587e-06
   5.8761038e-07
   1.1056872e-06
   3.9245300e-07
   1.9032432e-06
   4.7476092e-07
   2.4789131e-06
   6.5510652e-06
   3.3783238e-07
   3.2434644e-07
   4.1087832e-07
   3.2388551e-06
   4.8561614e-07
   2.5136187e-07
   3.4618836e-07
   4.5682851e-07
   2.2625730e-07
   3.6780384e-02
   9.9999880e-01
   3.8388603e-07
   5.5002682e-07
   4.4860251e-07
   1.5349211e-07
   3.6665359e-07
   3.2798245e-07
   4.8561614e-07
   1.3526125e-01
   4.0226172e-07
   1.8565730e-07
   1.0472245e-01
   3.4116964e-07
   2.7630873e-07
   1.5034895e-07
   2.9222274e-07
   4.0834580e-07
   1.1704841e-01
   1.4725781e-07
   3.2714710e-07
   7.2436453e-07
   3.4998480e-07
   4.5670099e-07
   5.3527706e-07
   2.1519435e-06
   4.2487140e-02
   1.0416895e-06
   2.8060564e-07
   5.3544238e-06
   4.6094676e-07
   3.2434644e-07
   4.6855839e-01
   2.0483255e-07
   3.5686274e-07
   7.1484410e-02
   2.1452342e-06
   1.7426667e-07
   2.9222274e-07
   1.7867854e-06
   1.9896544e-07
   1.5783834e-01
   9.9999895e-01
   2.2174938e-02
   3.9901327e-02
   4.8561614e-07
   2.9246739e-07
   1.5785867e-07
   3.0975627e-07
   1.7426667e-07
   2.3299402e-06
   3.6671623e-07
   2.1948336e-01
   4.9167186e-07
   4.8561614e-07
   2.9504473e-07
   1.7426667e-07
   3.5358513e-07
   5.6856629e-07
   4.5670099e-07
   2.9883935e-07
   4.2058627e-07
   3.0948748e-07
   2.8137182e-07
   2.1731342e-07
   3.8419444e-07
   4.8369464e-07
   5.1755540e-07
   4.6597033e-07
   6.6861785e-02
   3.5686274e-07
   1.7426667e-07
   1.7357723e-07
   3.2033861e-07
   4.9167186e-07
   4.9722704e-07
   3.5358513e-07
   2.2153363e-07
   3.2234728e-07
   1.5323728e-01
   2.0137021e-07
   4.5534947e-07
   1.5573722e-07
   3.5358513e-07
   1.5771069e-06
   9.0979426e-07
   2.9222274e-07
   3.9915430e-07
   1.5504282e-07
   1.3120431e-05
   3.5686274e-07
   3.6066700e-07
   2.6309802e-07
   3.0857903e-07
   2.9222274e-07
   3.9915430e-07
   4.9415981e-07
   3.0918407e-07
   2.9243476e-07
   3.9836306e-07
   2.9222274e-07
   3.9915430e-07
   1.4525340e-07
   3.5358513e-07
   3.4918131e-07
   3.9915430e-07
   5.8699240e-08
   5.4822044e-07
   7.9622324e-07
   1.6295848e-07
   1.3120431e-05
   3.5358513e-07
   1.7426667e-07
   8.0543533e-07
   1.7433390e-07
   3.2434644e-07
   5.1538886e-07
   7.2861211e-08
   1.3120431e-05
   2.0013640e-07
   4.8561614e-07
   1.4687894e-06
   1.7763558e-07
   3.9915430e-07
   1.0416895e-06
   1.7426667e-07
   4.8561614e-07
   3.5358513e-07
   3.2946315e-07
   1.9190163e-01
   1.7426667e-07
   2.9539296e-07
   2.1941350e-07
   1.8626308e-07
   2.9521063e-07
   6.3368992e-07
   3.6258204e-07
   2.0376273e-07
   4.1853882e-07
   7.3732403e-08
   2.5674986e-07
   7.9136900e-07
   3.5358513e-07
   6.3368992e-07
   3.1417872e-07
   3.9820465e-07
   4.9628860e-07
   4.1267846e-02
   1.7426667e-07
   5.9733815e-06
   3.9728143e-07
   3.1023296e-07
   3.5358513e-07
   3.3557748e-07
   2.6331865e-07
   6.6861786e-02
   2.3522444e-07
   3.1023296e-07
   2.6962225e-07
   2.9521063e-07
   4.8561614e-07
   3.9523979e-07
   3.2434644e-07
   2.9222274e-07
   1.7933837e-07
   3.3429646e-07
   1.7426667e-07
   7.2264771e-08
   3.1556194e-07
   6.3368992e-07
   7.9327524e-07
   7.7919203e-02
   2.1948336e-01
   1.6181756e-07
   4.9465085e-07
   4.1565886e-07
   2.5388652e-07
   5.6584753e-07
   2.6336497e-07
   1.7763558e-07
   3.1078465e-07
   2.9222274e-07
   1.8391403e-07
   1.7515351e-07
   1.7426667e-07
   3.0671014e-07
   8.0331380e-07
   2.5530430e-07
   5.3961870e-07
   2.9539296e-07
   3.5358513e-07
   2.4641027e-07
   2.0030183e-07
   4.8561614e-07
   4.1565886e-07
   3.5358513e-07
   7.2861211e-08
   1.7541414e-06
   3.7322773e-07
   3.9886942e-07
   6.3368992e-07
   7.7781704e-02
   2.0892993e-07
   3.2434644e-07
   1.7426667e-07
   2.8662061e-07
   3.9915430e-07
   4.8561614e-07
   2.9793565e-07
   2.9222274e-07
   1.7426667e-07
   4.1771799e-07
   4.9258656e-07
   1.3120431e-05
   3.5358513e-07
   2.0200000e-07
   1.3120431e-05
   1.5487425e-06
   6.5282787e-08
   4.8561614e-07
   3.5358513e-07
   3.0267691e-02
   3.2434644e-07
   2.6454391e-07
   3.2295407e-04
   6.3368992e-07
   1.7426667e-07
   5.0180879e-02
   2.6891650e-07
   6.7901167e-07
   1.0878116e-07
   1.4415794e-01
   2.1269870e-06
   1.7426667e-07
   3.4306065e-07
   4.8561614e-07
   3.2434644e-07
   2.0068304e-07
   2.6492179e-07
   6.3368992e-07
   9.9999950e-01
   3.5384906e-07
   1.2676313e-05
   3.5358513e-07
   9.9999677e-01
   3.4306065e-07
   3.0334866e-07
   3.5358513e-07
   2.1023967e-07
   1.3120431e-05
   2.6595358e-06
   3.4715266e-07
   4.8561614e-07
   6.0413198e-07
   2.2329128e-07
   1.7426667e-07
   2.0154238e-07
   1.7617916e-07
   1.1776221e-07
   2.2887860e-07
   1.7774742e-07
   6.4245578e-08
   6.3368992e-07
   3.5358513e-07
   5.1410033e-06
   1.6609088e-02
   1.2099982e-07
   3.5775696e-07
   1.3245170e-07
   3.1386096e-07
   2.0376273e-07
   2.7001220e-06
   2.4440836e-07
   4.9958842e-07
   4.8561614e-07
   1.3245170e-07
   2.0519057e-06
   2.4895454e-07
   1.7379278e-07
   3.6610997e-07
   1.4171862e-07
   3.6938383e-07
   3.4715266e-07
   1.0790001e-06
   1.2186015e-07
   4.2689649e-01
   2.4293202e-04
   5.6733375e-07
   9.1232818e-08
   4.8561614e-07
   3.9999266e-02
   6.3368992e-07
   7.7131076e-01
   9.7191079e-07
   9.1232818e-08
   3.4595732e-03
   2.4097759e-07
   5.5664914e-07
   2.8268839e-07
   2.5674986e-07
   3.9999404e-02
   6.3368992e-07
   1.4391901e-07
   6.0413198e-07
   3.4715023e-07
   1.5095260e-06
   3.4303769e-07
   4.2740285e-07
   2.7467077e-06
   4.5271893e-07
   3.4295197e-07
   1.2860157e-07
   3.7622470e-01
   3.4715266e-07
   2.1320845e-07
   4.8561614e-07
   6.9230572e-08
   1.8068369e-07
   3.5358513e-07
   2.5525404e-07
   1.2237332e-07
   3.0741449e-07
   2.1339918e-07
   2.4067435e-06
   4.8561614e-07
   3.5358513e-07
   2.0892993e-07
   3.0689934e-07
   6.3368992e-07
   4.1753876e-07
   6.0413198e-07
   2.6402965e-07
   2.2895936e-06
   2.1201512e-07
   4.8561614e-07
   2.4964305e-07
   4.7280020e-07
   1.1775241e-07
   1.5890331e-06
   3.3822195e-06
   2.7518682e-07
   8.3718146e-07
   2.5755869e-07
   8.2225203e-07
   4.5271893e-07
   2.5402391e-07
   3.7322773e-07
   1.8556521e-07
   2.4920580e-07
   9.4160460e-07
   4.0048946e-07
   5.6733375e-07
   5.0036037e-07
   3.5050181e-07
   3.7866103e-07
   3.6004422e-07
   2.4877092e-07
   4.8561614e-07
   2.6863598e-07
   1.0875107e-01
   1.9639676e-01
   4.2740285e-07
   6.1472679e-07
   7.2265272e-08
   6.0413198e-07
   2.8963638e-07
   2.1244188e-07
   6.3368992e-07
   2.5181184e-07
   2.1390911e-07
   2.0092433e-06
   9.4160460e-07
   2.4928575e-07
   2.0265974e-07
   5.0036037e-07
   3.5552224e-07
   4.5271893e-07
   5.6733375e-07
   9.9999972e-01
   5.7997245e-07
   9.4160460e-07
   2.4377597e-01
   2.6175186e-07
   4.8561614e-07
   9.9999374e-01
   4.2957797e-07
   9.4160460e-07
   1.1196015e-07
   5.7310887e-07
   4.3889193e-07
   2.2157547e-07
   5.0043414e-07
   4.8664033e-07
   4.8561614e-07
   3.4715266e-07
   6.3368992e-07
   1.5576738e-02
   2.6969466e-07
   1.7426667e-07
   4.8561614e-07
   6.2538091e-07
   3.1842168e-01
   3.9762857e-07
   8.2202914e-08
   1.7426667e-07
   3.5839774e-07
   2.0519057e-06
   9.9999906e-01
   8.2086428e-01
   5.4396276e-02
   2.8997531e-07
   2.7799396e-07
   2.4422873e-06
   1.2097713e-07
   5.0036037e-07
   1.0724422e-07
   5.7310887e-07
   2.1395952e-07
   1.0701008e-06
   7.2594038e-02
   2.6454391e-07
   2.6823289e-06
   4.8561614e-07
   7.6600036e-01
   2.1430696e-07
   2.2808793e-07
   4.9465085e-07
   1.7426667e-07
   2.4097759e-07
   3.2388551e-06
   3.7866103e-07
   6.7013681e-01
   2.0256876e-01
   1.6938657e-06
   6.3639334e-01
   4.2740285e-07
   7.2594038e-02
   1.1187761e-06
   2.0131002e-07
   6.1651234e-07
   2.7061416e-07
   1.5405696e-07
   2.7559923e-07
   1.7426667e-07
   1.2139509e-07
   3.1178891e-04
   3.4246348e-07
   1.4841492e-07
   1.7324553e-07
   4.5679077e-07
   4.2569554e-07
   2.2088953e-07
   8.2624083e-07
   6.3368992e-07
   1.7491337e-07
   3.6599428e-07
   4.8458828e-07
   2.1447460e-07
   8.6466406e-07
   5.0730782e-07
   1.5095260e-06
   4.3860914e-07
   3.6066700e-07
   2.9890484e-07
   3.5453838e-07
   1.9028228e-07
   1.6938657e-06
   4.2740285e-07
   3.6066700e-07
   4.2740285e-07
   3.3816359e-07
   2.9146097e-07
   3.5338662e-07
   1.8760929e-07
   4.5271893e-07
   4.2444218e-07
   2.7190399e-07
   6.2948007e-07
   4.2740285e-07
   1.2153797e-07
   1.9525479e-07
   5.0128345e-07
   3.2547954e-07
   4.3470913e-07
   2.2244792e-01
   1.2689862e-06
   1.2082607e-07
   1.1149966e-06
   8.3629555e-07
   4.1261873e-07
   1.7426667e-07
   2.5200812e-07
   7.3245741e-06
   1.1437401e-07
   6.1651234e-07
   4.5534947e-07
   3.6027581e-07
   6.2879294e-07
   2.1924579e-07
   6.3368992e-07
   3.1021320e-02
   2.5181184e-07
   5.6733375e-07
   1.3723172e-06
   2.7314184e-07
   5.8022888e-07
   2.8762972e-07
   5.1799791e-07
   4.5534947e-07
   1.8410713e-07
   6.3368992e-07
   4.8458828e-07
   1.3285264e-05
   6.8348415e-01
   2.5181184e-07
   1.4065286e-07
   4.5534947e-07
   4.6004015e-07
   3.6762905e-01
   7.3651927e-07
   1.9962917e-01
   1.9703199e-07
   6.3368992e-07
   2.2199978e-07
   7.2486632e-01
   4.8561614e-07
   2.0855915e-01
   5.6733375e-07
   4.8561614e-07
   1.7426667e-07
   2.2064378e-07
   1.5272144e-07
   7.6567200e-01
   1.7811035e-07
   5.3069680e-02
   4.8561614e-07
   3.7007959e-07
   4.5534947e-07
   5.8836696e-07
   5.2734865e-02
   2.8963638e-07
   4.8561614e-07
   3.1750541e-07
   4.9465085e-07
   1.1984630e-06
   1.4531529e-06
   3.6066700e-07
   5.3618866e-07
   2.1970975e-07
   3.4823583e-07
   4.9020531e-03
   6.3221139e-07
   3.6590189e-07
   6.4238611e-07
   6.3368992e-07
   4.7483816e-07
   9.8962758e-07
   2.1973488e-07
   9.1233604e-06
   1.8722983e-07
   4.9465085e-07
   3.0767592e-07
   1.7426667e-07
   3.9162585e-07
   3.6066700e-07
   1.5226072e-01
   4.0991046e-07
   4.8561614e-07
   2.3812391e-06
   3.7953330e-07
   6.2879294e-07
   5.9996950e-07
   4.3703462e-07
   1.9525479e-07
   3.3848463e-07
   2.2030592e-07
   9.9999895e-01
   5.1476144e-06
   3.6066700e-07
   3.1919865e-07
   1.3549076e-07
   4.0420387e-07
   1.9525479e-07
   3.3229286e-07
   1.6075011e-07
   3.2007245e-07
   2.2122728e-06
   6.9782616e-01
   1.6915115e-07
   3.7977549e-07
   2.8435392e-07
   1.8722983e-07
   3.7224888e-07
   2.5231476e-07
   3.3731137e-07
   4.8561614e-07
   1.4360157e-07
   5.6733375e-07
   1.1984630e-06
   3.8010519e-07
   1.7730479e-07
   2.8435392e-07
   2.5207144e-07
   2.0112890e-07
   4.0420387e-07
   1.0486538e-06
   4.8561614e-07
   4.5534947e-07
   2.0703233e-06
   2.0887683e-07
   6.2908480e-07
   4.8561614e-07
   1.8848751e-07
   3.7220949e-07
   4.8561614e-07
   1.5262073e-02
   4.2387974e-07
   4.6050379e-07
   2.5181184e-07
   3.4332732e-07
   1.9122660e-07
   6.3368992e-07
   3.1932629e-01
   3.3229286e-07
   3.3671736e-07
   4.0826658e-07
   4.1441012e-07
   6.3368992e-07
   7.2594038e-02
   2.4761544e-07
   4.2574977e-07
   2.1439373e-06
   3.3229286e-07
   6.5527745e-02
   3.2590134e-06
   3.9915430e-07
   4.1565886e-07
   5.7846620e-07
   4.8561614e-07
   3.4900294e-07
   1.7542597e-07
   2.1286721e-07
   1.8518154e-07
   1.9565444e-07
   1.7763558e-07
   4.5534947e-07
   6.2908480e-07
   4.4272513e-07
   9.0238627e-07
   4.0525831e-07
   1.9107081e-07
   1.7426667e-07
   4.8561614e-07
   1.7206896e-07
   4.1298383e-07
   1.6534970e-07
   3.3229286e-07
   2.0515947e-07
   3.9940676e-07
   6.3368992e-07
   5.8469589e-01
   2.7691966e-07
   8.9353667e-07
   2.2102673e-01
   3.0313532e-07
   1.7389064e-07
   4.8561614e-07
   3.2429166e-07
   1.8722983e-07
   4.8878886e-07
   9.9999907e-01
   4.3293729e-07
   2.0121752e-07
   3.2284228e-07
   1.7389064e-07
   2.1016961e-07
   9.9999939e-01
   4.8561614e-07
   6.2908480e-07
   3.5686274e-07
   1.5152326e-07
   5.6278311e-07
   3.6066700e-07
   1.6069849e-07
   2.4293202e-04
   4.8561614e-07
   1.0188390e-06
   5.3602725e-02
   2.0254899e-02
   6.3368992e-07
   4.8561614e-07
   2.9453364e-07
   6.5412831e-07
   6.6339001e-07
   1.9675367e-07
   8.0247991e-07
   7.6566657e-01
   2.3893542e-07
   1.4552046e-07
   2.8646765e-07
   1.9063121e-07
   2.9988531e-07
   3.2333167e-07
   3.7004141e-07
   1.1984630e-06
   1.9779147e-07
   4.8561614e-07
   6.3368992e-07
   2.8929785e-07
   1.3735284e-07
   7.2594038e-02
   2.0639289e-07
   2.1410812e-01
   9.5231891e-02
   1.6221592e-07
   4.8561614e-07
   3.3229286e-07
   6.3221139e-07
   2.9083673e-07
   9.9999939e-01
   2.0654503e-07
   3.1175058e-02
   2.5636863e-07
   1.8399649e-07
   3.3229286e-07
   3.3391263e-07
   7.5806912e-07
   1.3060224e-07
   1.0732294e-01
   2.2495357e-07
   2.0511883e-06
   3.2385413e-07
   1.5315574e-07
   3.6066801e-01
   2.7118913e-07
   2.2959450e-04
   2.2388839e-07
   4.2176049e-07
   3.3229286e-07
   8.7228871e-07
   3.2385413e-07
   2.4841978e-07
   1.8649545e-07
   6.1588965e-07
   3.6066700e-07
   4.1938593e-07
   6.2908480e-07
   1.3671962e-06
   3.3830806e-07
   7.1834483e-07
   3.2385413e-07
   7.0667655e-01
   9.1141849e-07
   1.1342683e-06
   3.8481496e-07
   4.0818346e-06
   2.3519855e-07
   2.4841978e-07
   6.3368992e-07
   6.9727364e-07
   2.9455218e-07
   1.9743482e-07
   1.5720490e-07
   3.2216312e-07
   3.3405897e-07
   2.5658320e-07
   3.7124166e-07
   3.8443096e-07
   2.6051854e-07
   4.3931987e-07
   9.6634904e-07
   5.9541865e-07
   4.8561614e-07
   2.1932059e-07
   4.1938593e-07
   7.8887029e-08
   1.7301367e-07
   4.8561614e-07
   1.9756870e-07
   7.2594038e-02
   2.2608638e-07
   8.6628508e-07
   1.9604117e-07
   4.1938593e-07
   4.8561614e-07
   6.3368992e-07
   6.4065663e-07
   4.1938593e-07
   6.3741804e-07
   4.4818856e-07
   1.7223548e-07
   4.4902279e-07
   1.9694237e-07
   6.4065663e-07
   5.6250840e-07
   4.2740285e-07
   3.9300987e-07
   4.3752372e-07
   1.9002723e-06
   3.4309597e-07
   1.9155676e-07
   4.8341094e-06
   2.6954238e-07
   3.5893902e-07
   3.3038677e-07
   4.1015461e-07
   3.2385413e-07
   4.3931987e-07
   1.1586123e-06
   3.2810744e-07
   1.0878116e-07
   7.2594039e-02
   8.3718146e-07
   2.8622046e-07
   7.8620519e-03
   2.2147224e-07
   5.1868669e-07
   4.6857239e-07
   5.2320886e-07
   4.6978787e-07
   7.2594038e-02
   5.3886194e-07
   3.0358955e-07
   2.4847309e-07
   1.9235272e-01
   2.5533545e-07
   3.6066700e-07
   2.4641027e-07
   7.8620452e-03
   6.0578078e-07
   2.0809045e-07
   1.9349813e-07
   7.3944140e-07
   2.4659520e-07
   3.3038677e-07
   2.2257377e-07
   4.8561614e-07
   3.7278841e-07
   4.0038983e-07
   2.9038779e-07
   5.8409432e-06
   3.4701019e-07
   3.1293848e-07
   2.1146690e-07
   4.8561614e-07
   3.2385413e-07
   6.3368992e-07
   1.9507830e-07
   7.2594038e-02
   4.2835105e-07
   4.1717393e-07
   3.9353881e-01
   6.4065663e-07
   2.6095797e-07
   1.1105662e-06
   3.2385413e-07
   7.8620443e-03
   2.2347479e-07
   1.9233129e-07
   1.3876593e-07
   9.9326947e-07
   3.2385413e-07
   7.1547057e-07
   3.5724391e-07
   9.1241218e-08
   2.0235197e-07
   1.5434604e-07
   1.7780132e-07
   7.2594039e-02
   7.8620480e-03
   3.2810744e-07
   1.7428184e-07
   2.0350963e-07
   8.3718146e-07
   6.3368992e-07
   7.8620499e-03
   1.3455795e-04
   1.9775935e-07
   1.5518181e-07
   1.2556060e-05
   7.8620450e-03
   1.7056669e-07
   3.3532213e-07
   6.0602719e-07
   2.4704491e-07
   3.2429166e-07
   4.1938593e-07
   8.8497741e-07
   4.3866720e-07
   2.5335845e-07
   7.2594039e-02
   2.5932381e-06
   7.8620465e-03
   2.4594512e-07
   2.9621450e-07
   1.9962798e-01
   6.3368992e-07
   3.3031851e-07
   9.3979304e-07
   2.4718804e-07
   3.5925781e-07
   3.4279986e-07
   2.4558873e-06
   5.9894742e-07
   3.3492795e-07
   1.9487067e-07
   5.6052103e-07
   2.8731940e-07
   3.4364866e-07
   3.0961842e-07
   5.2982970e-07
   9.2686174e-07
   7.2281774e-02
   1.2487494e-01
   7.4339177e-07
   8.3846108e-06
   2.4133498e-07
   2.9187490e-07
   3.6944302e-07
   3.5894022e-07
   2.5473190e-07
   1.8827371e-02
   8.4469431e-01
   7.8620522e-03
   2.6368803e-07
   4.3745219e-07
   3.7169834e-02
   8.3718146e-07
   6.3368992e-07
   9.9999858e-01
   2.9878922e-07
   7.8620485e-03
   5.8012783e-07
   5.7719544e-07
   3.0558324e-07
   2.4558873e-06
   4.1399567e-07
   5.9223429e-07
   1.4890351e-06
   3.2429166e-07
   7.2594039e-02
   2.9300847e-02
   3.8144421e-07
   4.6958477e-07
   3.3816359e-07
   3.6066700e-07
   6.5717247e-06
   6.5989878e-07
   2.2320578e-01
   5.6662535e-07
   5.3306157e-07
   2.0550768e-07
   4.9029831e-07
   8.3718146e-07
   6.6212391e-07
   8.3718146e-07
   2.0383822e-07
   7.8620482e-03
   1.7804661e-07
   2.2859394e-07
   4.4858236e-01
   6.3400170e-07
   5.7083479e-07
   9.9999858e-01
   2.7311868e-07
   4.9465085e-07
   8.9172995e-02
   6.3368992e-07
   3.8533688e-07
   2.4375550e-06
   2.2035269e-07
   1.7292639e-07
   1.2487494e-01
   1.4625973e-06
   2.2417412e-07
   1.0682769e-02
   6.9020223e-07
   2.5693403e-07
   3.3038677e-07
   6.1890518e-07
   6.0303821e-07
   3.7145608e-06
   9.9999916e-01
   2.9731905e-02
   2.0492055e-06
   4.9227313e-07
   3.3398479e-06
   2.3066166e-06
   2.0381248e-07
   1.5629665e-07
   3.0336315e-07
   2.4558873e-06
   9.2132235e-07
   3.3228981e-07
   2.7338463e-07
   3.5925781e-07
   6.3368992e-07
   1.5586511e-02
   3.2385413e-07
   3.3401184e-07
   2.3182665e-07
   9.1202758e-07
   3.5783371e-07
   4.8800279e-07
   2.9650660e-01
   3.6413217e-07
   2.0381248e-07
   4.2611441e-07
   5.2603918e-07
   4.6336037e-06
   2.6962225e-07
   4.7272540e-07
   3.3182670e-07
   3.6413217e-07
   4.9465085e-07
   1.1846404e-02
   3.8481496e-07
   1.0061905e-06
   3.4883053e-07
   6.5976300e-02
   3.1455609e-07
   6.2948007e-07
   3.5925781e-07
   3.2385413e-07
   3.7741238e-07
   2.0324590e-06
   9.3471915e-06
   6.2708850e-07
   3.5925781e-07
   1.5277680e-07
   3.0316470e-07
   4.3180309e-07
   1.8722983e-07
   1.8741851e-07
   3.6066700e-07
   2.0465705e-07
   4.9783218e-07
   3.5925781e-07
   3.2385413e-07
   1.5167207e-07
   2.9476328e-07
   2.0378358e-06
   1.1841375e-06
   5.4472885e-04
   4.0680367e-07
   5.6502525e-07
   3.0919276e-07
   1.4680218e-06
   3.6245566e-07
   6.3368992e-07
   2.5281930e-07
   3.9444049e-07
   3.2187492e-07
   1.2487494e-01
   3.8678451e-07
   1.1834417e-06
   4.9048738e-07
   2.7576500e-07
   6.3368992e-07
   1.8404137e-07
   2.4641642e-07
   4.3023497e-07
   2.4558873e-06
   3.3259116e-07
   2.1640711e-06
   3.3532084e-01
   4.2989157e-01
   1.8404137e-07
   9.9999911e-01
   2.0425714e-07
   4.8561614e-07
   3.2385413e-07
   3.6517241e-07
   3.1293848e-07
   2.8582153e-07
   4.8561614e-07
   1.4957615e-07
   3.5753993e-07
   3.4202586e-07
   3.6376218e-07
   3.4906816e-01
   3.3229286e-07
   6.3368992e-07
   2.5692236e-07
   5.2826568e-07
   6.2379798e-07
   2.1783949e-07
   1.2650003e-07
   2.0537173e-07
   2.3028335e-07
   6.9655783e-07
   1.9746889e-07
   7.1985768e-07
   5.1126594e-07
   1.7769860e-07
   3.4693284e-07
   2.4558873e-06
   4.2406887e-07
   3.6044851e-07
   3.2385413e-07
   2.4558873e-06
   1.8404137e-07
   3.3229286e-07
   3.9552624e-07
   3.3666715e-07
   5.6190575e-07
   3.2385413e-07
   2.3613746e-07
   1.6833351e-07
   4.8561614e-07
   1.8404137e-07
   1.8722983e-07
   3.6044851e-07
   1.2959695e-06
   1.7845650e-07
   3.1293848e-07
   2.4558873e-06
   6.5460993e-06
   3.6044851e-07
   5.0460475e-07
   7.1495944e-01
   8.0059712e-07
   3.5739006e-07
   4.8561614e-07
   2.6638257e-07
   6.5460993e-06
   4.8561614e-07
   3.5182090e-07
   4.0242583e-07
   3.7953330e-07
   5.4515525e-07
   9.0190614e-02
   3.1293848e-07
   3.2809980e-07
   3.2385413e-07
   1.0190069e-07
   3.4883053e-07
   3.4883053e-07
   3.3229286e-07
   3.2437942e-06
   6.8889084e-03
   1.8404137e-07
   4.8561614e-07
   3.2158260e-07
   3.4883053e-07
   1.6712044e-07
   1.3139027e-06
   2.2535076e-06
   1.8404137e-07
   1.1577726e-06
   6.1006241e-06
   4.9812128e-07
   3.8010519e-07
   4.2603807e-07
   1.7417311e-07
   1.7569241e-01
   1.8400617e-07
   4.2485897e-02
   9.6508923e-01
   2.8098413e-07
   3.2547954e-07
   1.3692491e-06
   4.4295353e-07
   4.4645609e-07
   2.1473696e-07
   4.5670099e-07
   2.9640398e-07
   4.6463985e-07
   2.6960196e-07
   2.2860587e-06
   3.7012015e-07
   2.6466862e-07
   3.7007959e-07
   1.8796501e-07
   2.0319218e-07
   1.7328631e-07
   4.9465085e-07
   9.9999932e-01
   2.6928065e-07
   4.1853882e-07
   2.6131920e-07
   4.2740285e-07
   3.6912659e-07
   1.6189874e-07
   5.6225528e-07
   2.6538551e-02
   5.3086488e-07
   4.2740285e-07
   2.0470141e-07
   2.5584537e-07
   2.9624999e-07
   1.3517638e-06
   9.9999976e-01
   3.2066900e-07
   3.3601062e-07
   2.9624999e-07
   2.2533944e-07
   1.7476056e-07
   1.5268695e-07
   3.6066700e-07
   1.9962799e-01
   3.7007959e-07
   3.7866103e-07
   4.6463985e-07
   3.7007959e-07
   2.0818891e-07
   5.8761038e-07
   2.9017465e-07
   1.5335891e-07
   3.7012015e-07
   7.7516183e-07
   3.7448415e-02
   2.3805072e-07
   3.0883884e-07
   9.8671277e-07
   1.7502262e-07
   3.7007959e-07
   1.7856467e-07
   4.0881194e-07
   1.3103787e-07
   1.8116377e-07
   3.5373709e-07
   1.9250321e-07
   3.1411216e-07
   3.7448581e-02
   8.4276655e-07
   1.4655190e-07
   3.4610082e-07
   2.0935125e-07
   3.2207939e-07
   3.5686027e-06
   8.6556416e-01
   5.6341912e-07
   3.5373709e-07
   1.4285795e-07
   5.4984502e-06
   3.3532374e-01
   3.6252733e-07
   3.5373709e-07
   2.9791515e-07
   3.9131808e-07
   2.1274315e-07
   4.2740285e-07
   4.9723442e-07
   1.5222396e-07
   3.4551767e-07
   1.0387577e-06
   4.5124604e-07
   4.9723442e-07
   2.9476328e-07
   3.2179521e-07
   3.7007959e-07
   2.9640398e-07
   2.9758936e-02
   3.2105129e-07
   4.2740285e-07
   2.5545927e-02
   8.1887300e-07
   1.8786867e-07
   2.3337572e-07
   2.8042293e-07
   6.9977232e-08
   5.7704046e-04
   1.4150312e-02
   1.8786867e-07
   7.9696346e-08
   5.4984502e-06
   2.1432048e-07
   1.5634479e-07
   1.6182541e-07
   2.6650755e-07
   1.8786867e-07
   4.0732534e-07
   9.9999976e-01
   9.9999973e-01
   9.2012258e-07
   2.0288111e-07
   3.7516361e-04
   4.1220818e-07
   1.6221003e-06
   1.5281934e-07
   3.1346537e-07
   3.0750329e-07
   3.7919543e-07
   4.9723442e-07
   2.6724929e-07
   5.9696710e-08
   1.0740969e-02
   8.1546294e-03
   4.2740285e-07
   3.9306512e-07
   2.2480090e-06
   2.6889075e-07
   3.5986413e-07
   3.4210218e-07
   2.9237124e-07
   1.5112143e-07
   4.1474638e-07
   1.0433247e-06
   1.5199085e-07
   1.7764714e-07
   2.3215409e-07
   1.9655468e-07
   4.1804429e-07
   7.2134801e-07
   2.0471460e-07
   1.9250321e-07
   2.6495990e-07
   2.7216853e-07
   3.4837326e-07
   1.7051093e-07
   9.8761797e-07
   3.2392621e-07
   7.0477827e-07
   1.5096838e-07
   6.2879294e-07
   3.7178558e-07
   3.5317509e-07
   4.6275138e-07
   3.6066700e-07
   8.3718146e-07
   4.5407983e-07
   3.6066700e-07
   7.0477827e-07
   4.9465085e-07
   2.2623321e-06
   3.4783239e-07
   1.0427951e-06
   2.1355275e-07
   6.2879294e-07
   3.1346537e-07
   2.6697551e-07
   3.0771961e-07
   1.7347128e-07
   4.2245886e-02
   1.9382486e-07
   1.7764714e-07
   2.8046525e-06
   1.5459365e-07
   2.3737663e-07
   7.0477827e-07
   2.3127015e-06
   1.0277388e-06
   3.9131808e-07
   1.3559245e-06
   1.8786867e-07
   7.0477827e-07
   1.7574491e-07
   6.1607566e-07
   3.7136736e-07
   2.1230105e-07
   4.6606791e-01
   1.8786867e-07
   2.4626846e-07
   2.2112020e-06
   1.8227752e-06
   2.3561915e-02
   3.7209662e-07
   1.5314759e-07
   2.1376404e-07
   1.8786867e-07
   3.0510685e-07
   1.2021202e-06
   1.8434177e-07
   1.5223052e-07
   9.9999949e-01
   3.7229840e-03
   2.1059072e-07
   2.1317589e-07
   6.2425688e-07
   1.4742136e-06
   2.3399230e-07
   1.5459365e-07
   3.5486256e-07
   3.4694817e-07
   7.6266348e-02
   2.8661605e-07
   3.7209662e-07
   2.2238814e-07
   3.7229828e-03
   2.7546024e-07
   2.9015656e-07
   1.0256973e-01
   9.9999959e-01
   2.6167988e-07
   1.1224261e-06
   1.9976698e-02
   4.4117364e-07
   5.8805389e-07
   2.9765892e-02
   1.8786867e-07
   6.2967655e-07
   3.9608505e-07
   1.3233180e-02
   1.5003474e-07
   3.4694817e-07
   3.8568335e-07
   9.9999959e-01
   1.0928384e-06
   4.3906370e-07
   2.6023356e-07
   2.9227253e-07
   3.1699690e-07
   5.0514718e-07
   3.0198911e-07
   3.0956240e-07
   2.3318030e-06
   1.2561348e-06
   2.2419920e-07
   3.2440504e-07
   2.6437747e-07
   3.5750710e-07
   9.1460297e-07
   8.1893713e-07
   4.7263402e-07
   1.2904152e-07
   2.9699567e-07
   2.2453575e-06
