  -3.1202447e+00  -1.7464530e+00  -3.5324624e+00  -4.4584582e+00  -3.2711896e+00   3.4339400e+00   3.7331375e+00  -7.9904419e-01  -1.5446010e+00   1.5776659e-01
   1.5710139e+00  -6.6745125e-01   2.4997568e+00  -1.1230230e+00   5.7669549e-01  -5.7474121e-01  -6.3288042e-02  -3.3377804e+00  -2.5694805e+00  -1.2613229e+00
  -2.7648229e+00   4.3044942e-03  -2.6228195e+00   3.1032381e+00  -2.3236068e-01   3.1624076e+00  -3.7227286e+00  -2.4553601e+00  -5.2420849e+00   1.1805597e+00
   3.4614693e+00  -4.6842463e-01  -2.1617073e+00  -5.2982779e-01  -8.2351388e-01  -4.3213105e+00   5.3044618e-01   8.9116455e-01  -1.8479218e+00  -1.5254983e-01
  -1.7976751e+00  -4.2233847e-02   2.0469553e+00  -1.4672843e+00  -3.6470988e-01  -6.7033749e-01  -1.6359664e-01   1.3097429e+00  -4.3197038e-01  -3.1394313e+00
   8.9214851e-01  -3.0610929e+00   4.0520515e+00  -2.0773868e+00   1.4025535e+00  -3.7083453e-01  -7.3253297e-01  -2.4099303e+00  -5.4506987e+00   2.0311550e+00
  -9.5870895e-01   2.9969146e+00  -1.6567618e+00  -1.3732076e+00   2.3312326e+00  -3.4360270e-01  -1.0037589e+00   1.0146201e+00   2.1106091e+00  -3.5839156e+00
   4.4560456e-01   2.7340937e+00   6.7755410e-01  -1.8781118e+00   4.1438512e+00  -5.9170170e-01   7.7651524e-01  -1.8368402e+00  -1.9412749e+00  -3.2449711e+00
  -1.2275423e+00   2.6832798e+00  -4.3591527e-01  -1.3908015e+00   3.0025963e+00   1.2356169e-01   9.3861585e-01  -1.2235688e-01  -3.4103750e-01  -4.4587978e+00
  -1.2890574e+00  -3.4231189e-01  -4.5509484e+00  -4.5434484e-01  -1.9664289e+00  -2.0861889e+00  -3.4507033e-01   1.1941697e+00  -2.1935246e+00   3.1546152e+00
  -3.1116375e-02  -2.5102915e-01   7.0171222e-01  -1.1189675e+00  -1.8122795e+00   2.0456469e+00   4.9061992e-01   2.0227364e+00  -3.0270047e+00  -2.3556799e+00
  -2.0410580e+00   2.2844110e-01  -1.6922393e+00   1.7788081e+00  -2.7560502e+00   1.7048545e-01   1.5787381e+00   1.7837048e+00  -8.1332276e-01  -2.0480416e+00
  -3.1788116e+00   7.7943976e-04  -1.3498535e+00   3.5055794e+00   1.9884775e+00   3.6802778e+00  -3.1204883e+00   1.2383676e+00  -2.7520264e+00   1.7932232e+00
  -6.7872410e-01   1.6916531e-01  -1.8198002e-01  -2.2608235e+00   1.4118785e+00  -7.0060224e-01  -2.2226232e+00   2.9234721e+00  -4.1788728e+00   3.2358770e+00
   1.6843519e+00  -1.0736686e-01   2.8486339e+00  -4.1469703e+00   7.2531553e-01   2.9463843e-01   1.3955206e-01  -7.4062512e-01  -6.6363937e+00   1.0860458e+00
  -2.7993677e+00   9.2540764e-01  -6.3236452e-01   4.2783949e+00  -3.4921729e+00  -1.3977414e+00  -2.0685064e+00   3.4218842e+00  -2.6202202e+00  -5.1696897e+00
   1.7977280e-01   2.3099382e+00   2.0752498e+00  -3.8157101e+00  -6.5908551e-01  -1.0912482e+00  -1.3145723e+00  -2.9351336e-01  -1.9586551e+00   6.8621707e-01
  -3.0048351e+00  -2.1298524e+00  -9.8573877e-01  -2.9725654e+00  -1.5692236e+00   8.2269802e-01  -2.6157856e-01  -2.2186080e+00   3.4421977e+00   1.4574965e+00
  -3.2219804e-02   2.2635162e+00   8.1390214e-01   8.9625795e-01  -1.9242294e+00   2.7463425e+00  -3.2133409e+00  -1.2862452e+00  -2.6720483e+00  -2.6631724e+00
  -5.4834892e-01   1.9494454e+00   8.7553845e-01  -2.2088437e+00  -2.8535255e+00  -1.6508534e+00   3.7352571e-01  -3.5934099e+00   4.7366599e-01  -1.1458300e+00
   8.9404974e-01  -6.0309008e-01  -1.7825835e+00  -3.0551410e+00  -4.8073970e-01   2.0185363e+00   1.0959455e+00   1.8964101e+00  -4.1345434e+00  -1.3783764e+00
  -7.2104416e-01  -8.8505811e-01   2.3128649e+00  -1.8350200e+00  -2.5791605e+00  -3.6465572e-02  -8.9874429e-01  -2.4488523e+00   1.6023482e+00   9.8276570e-01
  -1.1634789e+00  -3.5524016e-01  -2.0400940e+00  -4.5634434e+00   7.1844092e-01  -1.1788268e-01  -5.6661852e-01   3.6050833e+00   8.6901410e-01  -2.9374362e+00
  -4.0773945e-01   3.1095478e+00  -1.4139011e+00  -1.4290871e-01   1.6623163e-01   5.5377338e-01  -1.8664374e-01  -1.6611261e+00  -2.1599386e+00  -1.9869378e-01
  -2.5696769e+00  -1.5336554e+00  -2.2414146e+00   8.3368820e-01   2.2695134e+00   2.1482514e+00  -5.0022992e+00   2.7214715e-01   2.1658839e-01   4.3490521e-01
  -2.4112163e+00  -8.5140429e-01  -4.9537676e-01  -1.6091213e+00  -3.9167109e+00   3.1891009e+00   2.5374648e+00   4.7046344e-01   8.0940962e-01   1.2270917e+00
  -2.1402758e+00   1.0499168e-01  -1.2246928e+00   2.6809420e+00  -2.9764952e+00  -2.7094400e+00  -6.4252586e-01  -7.0979007e-01  -9.2771385e-02   1.1069683e+00
  -2.6417357e+00  -5.5944730e-01   1.2197276e+00   2.7074841e+00  -5.0890482e-01  -1.6751705e+00  -2.8219545e+00   1.1561972e+00  -3.7990419e+00  -3.3374483e+00
  -8.8205657e-01   7.8955421e-01   2.2554821e+00   2.0412816e+00  -3.6012684e+00  -2.3478985e+00  -3.2113229e+00   1.1220711e+00  -3.2301368e+00  -2.4821404e+00
  -2.1801287e-01  -1.5166240e+00  -2.8374916e-02  -3.5613488e+00  -2.2647470e+00   3.8069227e+00  -1.3276496e+00  -7.4106936e-01  -2.2309536e+00   8.3930678e-01
  -4.7313847e-01   4.9537651e-01  -1.5876689e+00   1.7095415e+00  -9.5512083e-01  -3.4643798e+00  -4.4051039e-01  -2.2875992e+00  -2.2505409e+00   2.6580431e+00
  -6.9878932e-01  -1.1780248e+00   1.7075120e+00  -4.7410547e+00  -3.4409645e-01  -1.0484999e+00  -5.1371833e-01   2.5559217e+00  -4.0988308e-01  -1.3314964e+00
   2.3310713e+00  -1.3234976e+00  -1.8008149e+00  -7.0456468e-01  -3.7411700e-01  -2.1943071e+00  -7.3229199e-01   1.9820240e+00  -1.1267205e+00  -2.0949617e+00
  -2.2462493e+00   2.0169695e+00   4.7051186e-01  -3.2746377e+00  -2.2390151e+00  -8.5237127e-01   4.9050860e-01  -1.7400447e+00   1.1446510e+00   2.5928923e+00
   8.8938505e-01   9.5621567e-04   1.1312598e+00  -7.8856834e-01  -1.5042635e+00  -2.9148934e+00  -3.5919904e-01  -6.0280704e-01  -3.6708427e+00   2.3584116e+00
  -6.7116317e-01   3.1002828e+00  -8.7595691e-01   5.0448303e-01  -1.0681438e+00  -1.5454386e+00  -8.2400351e-01   7.0876297e-02  -6.3577613e-02  -2.0917931e+00
  -6.0311521e-01   1.3077955e+00  -2.5666439e+00   1.9209313e+00   4.8519179e+00  -3.2958916e+00   6.4423376e-02  -2.2988096e+00  -1.7703124e+00  -6.6948261e+00
  -2.2125753e+00  -6.3775414e-01  -6.8303720e-01  -8.6588426e-01  -1.5090419e+00  -7.0941396e-01  -3.1766132e-01   3.4458498e+00  -7.4805524e-01  -2.9014047e+00
  -8.3356892e-01   2.6207962e-02   2.8273043e-01   5.6763820e+00  -9.5557079e-01  -5.8641704e+00  -2.2657321e-01  -6.7189016e-01  -1.2240173e+00  -1.2794058e+00
  -1.5491105e+00  -2.1802137e-01  -1.6430879e+00   2.2456526e+00   3.3066220e+00   1.2142396e+00  -6.1578513e-01   5.7925753e-02  -5.4931242e-01  -4.5999211e+00
  -1.6840107e+00  -1.9556578e+00  -2.0041796e+00   3.4061805e+00   2.7214057e-02  -2.0252051e+00  -5.0566826e-02  -8.1290979e-01   2.7370493e-01  -2.6248372e+00
  -1.5780047e+00   1.3875444e+00  -3.6120596e-01   2.4440939e+00   8.7964108e-01  -4.3830187e+00   1.4370324e-02   1.3055896e+00  -1.8324556e+00  -5.8620117e-01
   5.4609242e-01  -2.5579891e+00   1.0316909e+00  -1.3297225e+00  -7.7272115e-01  -1.5292825e+00   1.6293068e+00  -1.4553566e+00  -2.7836769e+00   9.4904055e-01
  -1.9056352e+00   2.4814905e+00  -4.5367671e+00  -2.6780070e+00  -9.3841398e-01   2.5933106e+00  -3.8921841e+00  -1.4832648e+00  -5.2805435e-02   1.3064819e+00
  -2.5729861e+00   1.2416586e+00   2.3449328e+00   5.1054534e-01  -1.2176834e+00  -1.3091495e+00   3.0714246e-01   3.4172013e+00  -1.5668279e+00  -3.4856675e+00
  -2.8883071e+00  -1.4838967e+00  -1.7508045e+00  -1.7613122e+00  -1.4711661e+00   3.5313762e+00   9.8725603e-01  -1.6581052e+00  -3.8019936e+00   2.1445343e-01
  -1.4289165e+00   1.4644442e-01   3.3942292e+00  -1.8867855e+00  -1.4918960e+00   2.1731219e+00  -1.7307020e+00  -1.3908759e+00  -8.4104824e-01  -2.7012216e-01
   1.0923505e+00  -5.2962112e-02  -2.8830130e-02   2.4131436e+00  -1.1664022e+00  -1.0473512e+00  -2.7135908e+00  -3.1174181e-01  -2.8871260e+00  -2.1397296e+00
  -3.8795728e-01   2.6367182e+00   1.9450783e+00  -1.4078756e+00  -1.0945728e+00  -1.0120035e+00  -1.9438365e+00  -3.0128845e+00   3.0362852e-01  -2.5231805e-01
  -1.3532544e-01   1.7247635e+00  -2.5049508e+00  -1.4389867e+00   3.4654649e+00  -1.8254706e-01   5.2145814e-01  -1.0111498e+00  -1.3202203e+00  -4.9155601e+00
   2.1082209e+00  -1.9064931e+00  -1.0620226e+00  -2.2322437e+00  -7.4933812e-01   2.6680313e+00  -3.1991139e+00   1.7706181e+00  -2.4125044e+00  -2.8586737e+00
  -8.8531548e-01  -2.4360062e+00   3.3300940e+00  -9.3897056e-01  -4.0468864e+00  -9.3133845e-01   2.9784621e+00  -4.7040348e+00  -1.1361675e+00  -9.0074682e-01
  -6.4565495e-01  -3.0400596e+00  -3.2127435e-01   1.4124159e+00   2.6324216e+00  -1.3989343e+00   2.6915828e+00  -6.5695314e-01  -5.7918061e-01  -2.3507493e+00
  -6.6554696e-01  -1.3712902e+00  -3.4898731e+00  -4.0159221e+00   3.3835432e-01  -3.7034486e+00   6.4057354e-01   2.9176258e+00  -2.8704148e+00   2.8894211e+00
  -6.4910395e-01  -1.0516716e+00  -9.1830376e-01  -1.4221936e+00  -4.5764959e+00   7.1077283e-01  -9.0009501e-01  -1.3246980e+00   2.6169844e+00  -2.3946798e+00
  -2.1231126e+00  -1.1743918e+00   1.5363005e+00  -3.9552336e+00  -1.6071937e-01  -8.7231864e-01  -1.6369228e+00   9.2601560e-01   3.0120474e+00  -2.0541608e+00
  -8.4567478e-01  -1.5285506e+00  -1.2877678e+00  -6.8812995e-01   3.7965512e+00   2.5049783e+00  -1.1635025e+00   1.7895699e+00  -2.1167969e+00  -3.4634194e+00
  -6.8089724e-02   2.4789085e+00  -1.5037944e+00  -6.4014416e-01   6.6229772e-01  -1.3826360e-01   8.6702421e-01   4.0693589e-02  -2.6142599e+00  -6.4399273e-01
  -1.5787394e+00  -1.0955064e+00  -1.0014605e+00  -2.0740402e+00  -1.8475491e+00   4.8732129e+00  -3.6258394e-01  -2.3290174e+00  -3.1425054e+00  -6.0685125e-01
  -4.0935637e+00  -2.6048277e+00   3.0955889e+00   1.2123385e+00  -7.5071420e-01   2.4649631e+00  -3.6695994e+00   1.5207182e+00  -1.4665985e+00  -2.2311334e+00
   3.6597390e+00  -3.9124627e-01  -1.6949942e-01  -2.6386821e+00  -1.1466748e+00  -2.6111190e+00  -3.0225359e+00  -1.2934629e+00   1.6318390e+00   8.7981983e-01
  -3.7354250e+00  -2.3956642e-01   3.1591619e+00   7.7057075e-01  -9.2536009e-01   6.7384979e-01  -2.5839882e+00   6.0806280e-01  -2.7941278e+00  -2.9900670e+00
   1.8946872e+00  -5.3179490e-01  -3.9268426e+00   1.4478641e-01   3.3437710e+00  -3.5843411e+00   2.4097320e+00  -8.7138003e-01  -3.4407279e+00  -1.4652468e+00
  -9.7402402e-02  -1.6621776e+00   1.2523071e+00  -2.8065550e+00  -1.4223572e+00   2.0762749e+00   1.0178377e+00  -9.0405999e-01  -5.5461443e-01  -4.8754764e+00
  -5.1981351e-01  -2.2791959e-01  -1.0732812e+00  -1.1043661e+00  -1.2457885e+00  -5.1196896e+00   2.8100936e+00  -1.0697860e+00  -2.2528643e+00  -3.1985025e-01
  -7.9918547e-01   1.4938655e+00  -3.8706591e+00  -2.1895729e+00   3.1481921e-01   1.3583750e+00  -6.7345005e-01   4.1174542e+00  -1.2939852e+00   2.5351854e+00
  -4.8838808e+00  -8.5480276e-02  -1.8670245e+00  -2.8660371e+00   1.3626170e+00  -2.4726862e+00   1.3488151e-01   1.8429788e+00  -4.9433529e-01   1.3751189e+00
  -1.1815790e+00   3.0219931e-01   3.9259714e+00  -2.4832354e+00   2.3551656e+00   6.9828584e-01  -2.8255997e+00  -6.5522796e-01  -4.6662164e-01  -3.5966652e+00
  -1.4353421e+00  -8.3109577e-01  -1.2710996e+00   2.4070619e+00  -3.6546584e-01   1.2026847e+00  -2.4970237e+00  -2.2945859e+00  -5.7434919e+00   3.1298988e+00
   1.1551324e+00  -1.6371302e+00   2.8133906e+00   9.6999619e-01  -4.2943441e+00   4.3246783e-01  -2.2141820e+00   9.6666576e-01  -2.1300609e+00   1.5725011e+00
   1.1015130e+00   3.5782634e-01  -2.9974912e+00  -3.0981521e+00  -4.1936283e-01   2.6359807e+00   2.3277233e+00  -1.1738883e+00  -2.5648942e+00   1.7688174e+00
   4.4379427e-01  -3.1350571e-01   2.0446861e+00   7.8283911e-01  -2.9458632e+00  -5.7665508e-01  -2.2844103e+00   4.1097921e+00   1.6656347e-01  -1.1050444e-01
  -8.0137759e-01   2.9841489e+00   1.9949102e-01  -1.2162355e+00   3.0127432e+00   5.6329530e-01  -1.3916801e+00  -9.8180293e-01  -1.9576576e+00  -3.0027278e+00
   6.5126931e-01  -2.4271106e+00  -2.5049117e+00  -1.8620851e+00  -1.2848999e+00  -1.8974587e+00  -2.0614646e+00  -4.9912681e-01   1.9169421e+00  -1.4271906e+00
  -1.4689266e+00   1.5966237e+00  -4.1717886e+00   2.5035882e+00  -6.7243125e-01  -3.6365032e-02  -1.8039487e-01  -8.4901251e-01  -6.5187037e-02  -9.2462806e-01
   1.2382344e+00  -2.2140255e+00   5.9636308e-01   4.0346027e-01  -9.2213459e-01   2.9504388e+00   5.4547796e-01  -3.9024823e+00  -9.8604478e-01   1.9991854e+00
  -1.7740701e-01   3.3194583e+00  -1.2776256e+00  -1.7172610e-01  -1.9904671e-01   7.6398489e-01  -2.6912058e-01  -1.3821662e+00  -1.9163542e+00  -1.9700764e-01
  -1.5823356e+00  -1.8859942e-01  -1.5680436e-01  -1.9123093e+00  -1.7686306e+00  -1.2337704e+00  -1.1452358e-01   1.8116885e+00  -1.1620507e+00  -3.7302467e+00
  -2.7471722e+00  -2.3257153e+00  -3.5486762e+00   1.4719787e+00  -6.7527578e-01  -1.8826943e+00  -7.7468663e-01  -2.7339903e+00   2.4598498e+00   2.5345266e-01
  -1.8983061e+00  -2.5091921e+00  -4.3057921e+00  -1.6316353e+00  -3.4650060e+00  -5.3347233e+00  -3.5908510e+00  -5.8548974e+00   9.6405352e-01  -3.0238303e+00
  -4.0109375e+00  -1.1702155e+00  -6.3827793e-01  -2.3817742e+00  -3.7869536e+00   2.7246195e+00   1.2925982e+00  -5.3097925e-01   1.0068315e+00   1.4345769e+00
   1.7981643e+00  -2.8294773e-01  -3.0793324e+00   8.2398618e-02  -8.0707403e-01   1.4906044e+00  -8.2641845e-02  -2.8649756e-02  -3.8286929e+00   2.0850852e+00
  -5.3737178e-01  -3.0141190e-01   4.8235239e+00  -2.8488696e+00  -5.1864320e-01  -3.9457001e-01  -6.7688281e-01   2.2431221e-01  -1.8974413e+00   6.2081594e-01
  -2.7200943e+00  -7.4889622e-02   2.2760270e+00  -4.9740347e+00   4.9625230e-02   5.5716629e-01   2.1595794e-01  -3.2182948e+00  -2.4049837e+00  -6.0131672e-01
  -6.5084765e-01  -2.2201045e+00   4.1166648e-01  -1.8164162e+00  -2.4914910e+00  -2.3243012e-01   1.9406211e+00  -2.0303837e+00  -1.4773418e+00  -1.1978018e+00
  -1.9457561e+00   6.0322046e-01  -4.1102662e+00  -4.4046420e-01  -3.5866263e+00  -3.0391719e-01   3.3652596e+00   2.4013952e+00  -1.1134979e+00  -1.0767587e+00
   1.5088308e+00   2.2952871e+00  -2.7879282e+00   1.9178388e+00  -3.4261120e+00   1.7180995e+00  -3.1624922e-01  -7.6772923e-01   8.1140406e-01  -1.0384132e+00
  -1.7414070e+00  -1.7912244e+00  -4.2789672e-01  -4.6634168e-01  -2.3502604e+00  -1.8201977e-01  -6.1909234e-01  -1.4859275e+00   4.7029288e-01   2.4127419e+00
  -9.8700737e-01  -1.7440492e-01  -6.7764251e-01  -5.8952892e-01  -2.0089278e+00  -5.1803694e-01  -6.6836559e-01   5.3348370e+00  -4.7680511e-01  -2.3198797e+00
  -3.0183268e-01   1.3405674e+00  -4.6970446e-01  -4.3656331e+00  -8.9217898e-01   3.7221989e+00   1.5332299e+00   4.5703557e-01  -1.5529644e+00   6.2805484e-01
   1.6236171e+00   2.6861691e+00  -1.4643867e+00   4.9175524e-01  -7.3781673e-01   2.0757263e+00   1.2031265e+00  -2.4268341e+00  -3.0258592e+00  -9.8953823e-01
  -2.8284805e+00  -1.9388440e+00  -1.3328636e+00  -1.9075414e+00   1.0625349e+00  -1.3012962e+00  -2.8176756e+00  -4.9850188e-01   2.7438889e+00   2.1087873e-01
   1.7921356e+00  -5.2390727e-01  -3.6455285e+00  -2.8653501e+00   1.9990931e+00  -5.2126836e-01  -4.6297319e+00   2.6226925e-02  -1.7954674e+00   2.4651924e+00
  -2.9537572e-01  -5.7148086e-01   1.3864593e+00  -2.6444085e+00  -6.2736351e-01  -4.1050516e+00   5.9065503e-01   7.5735586e-01  -3.1383461e+00   3.2726587e+00
   9.9351965e-01   4.5171872e-01   9.9883329e-01  -9.0558847e-01   7.6896287e-01  -1.4376886e+00   4.5380085e-01   1.9498269e+00  -2.4095908e+00  -1.0558128e+00
  -1.4602754e+00  -1.1952915e+00  -3.4600509e+00   2.2801177e+00  -8.1845726e-01   2.0484415e+00  -2.3788472e+00  -1.7474232e+00  -1.4629039e+00   1.3278960e+00
   5.2711371e-01   7.4144884e-01   5.0793574e-01  -9.7311386e-01   3.2438098e+00   1.0256727e+00  -1.3148226e+00  -5.0139411e-01  -5.5752254e-01  -4.5127684e+00
   9.6361687e-01  -2.4759574e+00   3.7747645e-01   1.4326893e+00  -3.8905154e+00  -1.9142042e+00  -3.3198104e-01  -9.3901870e-01   1.6165698e+00   5.8799107e-02
  -1.6975492e+00  -2.2909759e-01  -1.4667096e+00  -8.8343191e-01  -1.1244107e+00  -1.2886190e+00  -3.9281071e-01   4.0599488e+00  -4.8169602e-01  -3.8451163e+00
  -1.5490280e+00  -3.1602856e+00   1.5408646e+00   2.1748767e+00  -7.4214987e-01   1.7437228e+00  -3.3795059e+00  -1.2535490e+00  -1.8086019e+00  -6.6222113e-01
