   1.9478992e-01
  -4.7695368e-02
   4.5858238e-02
  -2.2238417e-02
   1.7986896e-01
  -1.1050793e-01
   1.3174288e-01
   1.0987182e+00
   1.8982503e+00
  -3.0602759e-01
   1.3132574e-01
  -1.9043207e+00
  -4.6005206e-01
   1.6716312e+00
   1.5974972e+00
   1.0247416e-01
   4.2227625e-02
  -2.6985984e+00
   4.4722114e+00
  -6.3261899e-01
  -3.1858063e-01
   9.2619796e-01
   6.2632981e-01
  -8.3137741e-02
  -1.7356550e-01
  -1.1059378e-01
   3.0542357e-01
  -1.4903988e-01
  -2.4606685e+00
  -1.2880406e-01
  -1.3914363e-01
   2.9909352e+00
   9.5115461e-01
   1.0454524e-01
   3.7137686e+00
  -2.8703218e+00
  -1.1775477e+00
  -2.5355982e-02
   2.2423742e-01
  -5.2756183e-01
  -7.4636250e-02
  -1.0138521e-01
   2.1925731e-01
  -1.4018439e-01
   3.6536114e-02
   1.6690642e-01
   4.2687134e-01
   3.9706937e-01
   6.4996207e-02
  -1.0531334e+00
   1.7531887e-01
   1.0178171e+00
   3.2451299e-01
  -1.1734533e-01
   8.2116111e-02
  -2.3547022e+00
  -4.8995756e-02
   2.1656058e-01
  -1.0201956e-01
   1.0212830e-01
  -1.4194760e-01
   3.0534838e-01
  -1.2807436e-03
  -3.7780644e-01
   1.9493242e+00
   6.7199412e-01
   1.7483181e-01
  -2.8313281e+00
   1.9276383e-01
   2.2471562e-01
   6.6770114e-03
   2.7778883e-01
  -2.2051662e+00
   3.4223497e+00
   3.8731881e-01
  -2.8145566e-02
   1.0697894e-01
   1.2256952e-01
   6.4710375e-02
  -1.5141524e-01
   8.8520943e-01
   1.4598695e-01
   2.5897754e-01
   7.0195352e-02
  -4.5867401e-02
   2.4560203e+00
   1.7487169e-01
   2.7810258e+00
   2.9846097e-02
   6.3392417e-01
   1.2385300e-01
   2.2122422e-01
  -1.3693490e-01
  -8.3220989e-02
   1.6109875e-01
   1.4695710e-02
  -8.9042824e-02
   2.2705199e+00
   6.4053689e-02
   1.6934599e+00
