   1.0000000e+00
   2.2818783e-08
   1.0000000e+00
   7.3774617e-02
   5.3352577e-06
   5.2953103e-06
   2.0836480e-08
   1.0000000e+00
   2.3117589e-07
   2.4140539e-07
   1.0000000e+00
   1.0000000e+00
   1.0000000e+00
   1.0000000e+00
   1.0000000e+00
   8.7703878e-07
   1.8611766e-06
   1.0000000e+00
   5.8618265e-07
   1.0000000e+00
   1.0000000e+00
   1.0000000e+00
   1.0000000e+00
   1.0000000e+00
   1.0000000e+00
   1.0000000e+00
   1.0000000e+00
   3.2073241e-07
   1.0000000e+00
   1.0000000e+00
   1.0000000e+00
   1.0000000e+00
   1.0000000e+00
   5.7437705e-06
   2.2082379e-06
   1.9746535e-06
   9.9999999e-01
   6.9632267e-07
   5.8827270e-07
   1.0000000e+00
   1.0000000e+00
   1.0000000e+00
   1.0000000e+00
   1.5903800e-01
   1.0000000e+00
   2.2082379e-06
   4.7794835e-01
   3.0201277e-01
   1.0000000e+00
   9.1674365e-07
   5.5436089e-07
   1.0000000e+00
   3.9968739e-06
   4.8424855e-07
   4.2646500e-07
   1.0000000e+00
   1.2779582e-06
   1.0000000e+00
   1.2779582e-06
   1.0000000e+00
   1.0000000e+00
   3.3759176e-07
   1.0000000e+00
   1.0000000e+00
   1.0000000e+00
   1.0000000e+00
   4.0332279e-07
   1.0000000e+00
   1.0000000e+00
   1.0000000e+00
   1.0000000e+00
   1.0000000e+00
   1.0000000e+00
   1.8987422e-06
   3.0869669e-07
   2.4648123e-07
   1.0000000e+00
   1.0000000e+00
   5.5021900e-07
   1.0000000e+00
   1.0000000e+00
   1.0000000e+00
   5.4853586e-07
   1.0000000e+00
   1.0000000e+00
   1.0000000e+00
   1.0000000e+00
   5.0297113e-07
   5.8384677e-07
   3.5931157e-07
   3.6362930e-07
   4.9836319e-07
   1.0000000e+00
   1.0000000e+00
   1.0000000e+00
   1.0000000e+00
   1.0000000e+00
   1.0000000e+00
   1.0000000e+00
   1.0000000e+00
   1.0000000e+00
   1.0000000e+00
   1.0000000e+00
   1.0000000e+00
   1.0000000e+00
   1.0000000e+00
   3.7544491e-07
   3.7544491e-07
   3.7544491e-07
   2.6576677e-06
   1.0668414e-08
   3.5655271e-06
   3.0881822e-07
   1.0000000e+00
   1.0000000e+00
   1.0000000e+00
   1.0000000e+00
   1.0000000e+00
   1.0000000e+00
   1.0000000e+00
   1.0000000e+00
   1.0000000e+00
   1.0000000e+00
   1.0000000e+00
   1.0000000e+00
   1.0000000e+00
   9.2448827e-06
   5.4087272e-01
   1.8259541e-01
   5.1113270e-07
   5.1269641e-07
   3.1850400e-07
   9.9999999e-01
   2.7471158e-07
   1.0000000e+00
   2.9813757e-07
   2.7471158e-07
   2.7620377e-07
   1.0000000e+00
   4.3211445e-07
   1.0000000e+00
   1.0000000e+00
   3.2638002e-07
   3.7544491e-07
   3.2448822e-07
   4.0761661e-07
   4.5948294e-07
   4.9142960e-02
   1.0000000e+00
   3.2688986e-06
   1.1428263e-06
   1.3373219e-06
   1.3373219e-06
   1.4215469e-01
   1.0000000e+00
   1.4215469e-01
   2.0347480e-08
   1.0000000e+00
   1.0000000e+00
   1.0000000e+00
   1.0000000e+00
   5.0700396e-06
   1.0000000e+00
   1.0000000e+00
   1.0000000e+00
   2.6237239e-07
   2.7484654e-07
   6.7117814e-07
   1.0000000e+00
   5.7021993e-07
   5.7021993e-07
   6.8032774e-07
   3.7544491e-07
   5.3234659e-05
   1.0000000e+00
   5.3234659e-05
   4.1318017e-06
   2.9541237e-05
   4.7630842e-06
   4.7630842e-06
   1.2279576e-01
   1.2279576e-01
   1.0000000e+00
   9.5153712e-07
   1.0000000e+00
   1.6251702e-06
   1.0000000e+00
   2.1144544e-06
   1.0000000e+00
   1.0000000e+00
   1.0000000e+00
   1.9314892e-06
   1.0000000e+00
   1.0000000e+00
   5.7439145e-07
   2.6103791e-01
   1.0000000e+00
   3.7544491e-07
   3.0129204e-07
   1.0000000e+00
   2.6761409e-07
   3.6625966e-08
   2.6761409e-07
   1.0000000e+00
   3.5150477e-07
   1.0000000e+00
   1.0000000e+00
   1.0000000e+00
   2.9856683e-02
   1.0000000e+00
   3.9606599e-07
   1.0000000e+00
   1.0000000e+00
   3.9606599e-07
   3.0795888e-07
   1.0000000e+00
   2.7678911e-07
   2.6169011e-07
   1.0000000e+00
   1.0000000e+00
   9.9999999e-01
   9.9999999e-01
   2.6508983e-07
   1.0000000e+00
   1.0000000e+00
   1.0000000e+00
   2.7643138e-07
   1.0000000e+00
   6.2571802e-07
   1.0000000e+00
   1.0000000e+00
   1.0000000e+00
   1.0000000e+00
   3.3310440e-07
   1.0000000e+00
   1.0000000e+00
   1.0000000e+00
   1.0000000e+00
   1.0000000e+00
   6.8676042e-07
   3.8400278e-07
   2.6161301e-07
   5.8618265e-07
   1.0000000e+00
   6.8676042e-07
   1.0000000e+00
   1.0000000e+00
   1.0000000e+00
   2.0382703e-06
   3.9974467e-07
   1.0000000e+00
   1.0000000e+00
   1.0000000e+00
   3.0828195e-07
   2.6435194e-07
   1.0000000e+00
   1.0000000e+00
   2.6435194e-07
   1.0000000e+00
   9.0688473e-07
   1.0000000e+00
   1.0000000e+00
   1.0000000e+00
   1.0000000e+00
   4.8917608e-06
   1.2550966e-01
   9.2321356e-02
   4.1460806e-02
   1.0000000e+00
   1.0000000e+00
   1.0000000e+00
   1.0000000e+00
   1.0000000e+00
   2.5755136e-07
   9.1489404e-07
   1.0000000e+00
   1.0000000e+00
   7.7688653e-09
   1.0000000e+00
   1.0000000e+00
   1.0000000e+00
   1.0000000e+00
   1.0000000e+00
   1.0000000e+00
   1.0000000e+00
   1.0000000e+00
   1.0000000e+00
   1.0000000e+00
   1.0000000e+00
   1.0000000e+00
   1.0000000e+00
   1.0000000e+00
   1.0000000e+00
   1.0000000e+00
   1.0000000e+00
   1.0000000e+00
   1.0000000e+00
   1.0000000e+00
   3.4262258e-07
   5.2953103e-06
   3.1048371e-07
   1.1640597e-06
   3.1901738e-07
   3.4837764e-07
   1.0000000e+00
   1.0000000e+00
   3.1901738e-07
   1.0000000e+00
   9.1900279e-01
   1.0000000e+00
   1.0000000e+00
   9.1900279e-01
   1.0000000e+00
   1.0946424e-06
   6.0440129e-07
   3.5394879e-07
   2.7908679e-07
   2.8414560e-07
   1.8509562e-06
   1.0000000e+00
   4.6317607e-05
   1.2500957e-02
   5.8811944e-07
   1.0000000e+00
   7.7825329e-07
   4.6045706e-07
   2.6576677e-06
   1.0000000e+00
   1.0000000e+00
   3.8841872e-07
   1.0000000e+00
   1.0000000e+00
   3.2906258e-07
   1.0000000e+00
   8.0671591e-07
   1.0000000e+00
   1.0000000e+00
   1.0000000e+00
   1.0000000e+00
   3.1553213e-07
   2.5217779e-07
   2.5217779e-07
   1.0000000e+00
   1.0000000e+00
   1.0000000e+00
   1.0000000e+00
   1.0000000e+00
   1.0000000e+00
   1.0000000e+00
   1.0000000e+00
   1.0000000e+00
   1.0000000e+00
   2.2272516e-06
   1.0000000e+00
   1.1104875e-01
   2.1491258e-06
   1.0536526e-01
   4.9367266e-07
   9.5968120e-07
   4.9367266e-07
   9.5968120e-07
   3.7796550e-07
   1.0000000e+00
   1.0000000e+00
   1.0000000e+00
   9.9999999e-01
   4.3045867e-06
   1.3382190e-01
   2.7819251e-07
   9.9999999e-01
   5.1738125e-07
   3.0118204e-07
   9.9999999e-01
   2.6169011e-07
   1.0000000e+00
   1.0569873e-06
   3.8251187e-07
   1.0000000e+00
   1.0000000e+00
   1.0000000e+00
   4.0541315e-01
   6.7860951e-07
   1.4653123e-06
   4.6279826e-06
   1.0000000e+00
   1.0455935e-08
   1.0000000e+00
   1.0000000e+00
   1.0000000e+00
   1.0000000e+00
   1.0000000e+00
   2.0934589e-06
   1.0370617e-08
   1.0000000e+00
   1.0000000e+00
   1.0000000e+00
   1.0000000e+00
   8.1946118e-09
   1.0000000e+00
   1.0000000e+00
   3.8438620e-07
   4.5521704e-07
   1.0000000e+00
   3.6148668e-01
   5.6694948e-07
   9.9999835e-01
   3.1959719e-07
   7.1132688e-02
   1.0000000e+00
   2.7611348e-07
   1.0000000e+00
   1.0782454e-08
   1.0000000e+00
   1.0000000e+00
   1.0000000e+00
   1.0000000e+00
   1.0000000e+00
   1.0450215e-06
   9.9999999e-01
   1.0000000e+00
   1.0000000e+00
   1.0000000e+00
   1.1908220e-08
   1.0000000e+00
   1.0407854e-08
   3.8989555e-03
   4.3045867e-06
   4.6504670e-07
   1.2491515e-01
   1.0455935e-08
   1.0000000e+00
   2.3193102e-06
   1.0000000e+00
   1.0000000e+00
   5.7557412e-07
   1.0000000e+00
   2.7358827e-06
   1.0000000e+00
   6.4056465e-06
   1.0000000e+00
   1.0000000e+00
   1.0000000e+00
   1.0000000e+00
   1.0000000e+00
   9.9094214e-09
   1.0000000e+00
   1.0000000e+00
   1.0000000e+00
   2.8554900e-07
   1.0000000e+00
   1.0000000e+00
   1.0000000e+00
   5.5758059e-07
   1.0000000e+00
   1.0000000e+00
   1.0000000e+00
   7.5687300e-07
   9.9999999e-01
   2.8857026e-06
   8.1240558e-02
   5.5902865e-02
   1.8550246e-06
   3.2349490e-07
   2.6556834e-08
   3.4571042e-01
   1.7755768e-06
   9.9447147e-08
   5.2110881e-08
   1.4852741e-07
   2.0562894e-07
   9.9999999e-01
   9.9999999e-01
   1.6318315e-07
   4.2115373e-06
   1.7173614e-06
   5.9182026e-08
   4.5166188e-08
   2.0733631e-07
   7.4005435e-03
   2.8469489e-08
   4.0925656e-06
   9.0614271e-08
   7.4005435e-03
   1.1096975e-08
   1.6318315e-07
   1.7173614e-06
   8.7617260e-07
   7.3725374e-08
   2.0965414e-02
   8.0648856e-08
   5.9277668e-08
   5.8930919e-01
   9.1083268e-08
   2.0562894e-07
   7.4005435e-03
   1.0000000e+00
   1.7453833e-04
   9.1192016e-08
   1.3915466e-06
   2.7148250e-08
   9.9999951e-01
   1.4659256e-08
   1.7226870e-06
   9.9999990e-01
   6.1688309e-08
   3.3582421e-04
   4.9857465e-07
   1.5269899e-01
   4.0579648e-07
   8.9316550e-08
   9.9999993e-01
   8.8572392e-07
   5.6060761e-01
   9.7615420e-09
   4.5236284e-05
   5.2257591e-08
   4.9534966e-08
   1.6318315e-07
   9.9999984e-01
   9.0001075e-08
   8.3414849e-08
   9.5812541e-05
   5.2216364e-08
   9.9998815e-01
   1.0418723e-07
   9.9999892e-01
   9.9999993e-01
   4.9534966e-08
   5.5175568e-07
   1.1485828e-06
   1.0344181e-01
   9.5980320e-08
   9.9999922e-01
   2.5145211e-08
   6.0340080e-07
   9.8392507e-08
   5.7924747e-07
   3.4481517e-06
   5.0837064e-08
   5.2062955e-08
   1.5254447e-07
   4.7635883e-08
   1.9726398e-08
   2.8960967e-08
   4.2115373e-06
   6.6312204e-08
   6.8714052e-08
   8.8929352e-07
   7.9561637e-07
   3.0686183e-08
   1.9243089e-06
   1.4762175e-07
   8.0653090e-01
   4.2115373e-06
   2.1674164e-08
   1.4098175e-01
   9.9999998e-01
   1.9497116e-06
   1.7173614e-06
   9.9999998e-01
   1.0687695e-07
   4.0462845e-02
   2.7500349e-07
   9.3491807e-08
   3.3878709e-02
   1.5814922e-07
   2.8252662e-06
   6.7101391e-06
   3.7827417e-07
   1.2246774e-06
   8.7637131e-08
   5.0033390e-07
   4.7983415e-08
   1.6318315e-07
   4.8932542e-06
   4.4709039e-07
   7.4005435e-03
   9.4249777e-08
   3.7167804e-06
   4.9561694e-08
   1.9665001e-04
   1.5222040e-06
   1.7453833e-04
   1.6273007e-08
   3.2014669e-06
   9.9999996e-01
   1.0978923e-07
   1.5169027e-01
   3.9024447e-07
   1.0000000e+00
   5.0033390e-07
   8.1134149e-02
   3.3878708e-02
   2.3015403e-06
   3.3641761e-06
   3.9580026e-01
   4.0462845e-02
   9.9999999e-01
   7.7862850e-02
   7.3533414e-08
   7.4380630e-08
   1.7453833e-04
   4.9834784e-08
   9.9999996e-01
   3.6982770e-08
   4.9313836e-08
   1.7453833e-04
   1.9726398e-08
   6.8714052e-08
   2.0677154e-06
   1.6416252e-08
   1.9674903e-04
   7.4146915e-09
   1.8931916e-02
   1.9665001e-04
   4.3655777e-07
   2.8155299e-08
   9.9999999e-01
   9.3789461e-09
   1.9665001e-04
   6.8072542e-08
   1.6709698e-08
   9.9999828e-01
   5.7254976e-01
   7.9746926e-08
   5.2216364e-08
   1.1249677e-07
   9.9999320e-01
   4.2115373e-06
   9.9999996e-01
   4.7983607e-08
   7.9396021e-08
   3.7167804e-06
   8.4944114e-07
   3.0919593e-08
   8.8371426e-03
   5.8604429e-08
   6.6957060e-08
   6.6219767e-08
   4.9534966e-08
   1.5921088e-07
   9.9999850e-01
   4.4883438e-07
   1.7581891e-08
   2.6868346e-08
   4.7029597e-01
   5.9897440e-07
   4.2115373e-06
   2.1672232e-08
   1.0253833e-07
   9.9999200e-01
   5.0033390e-07
   1.9665001e-04
   1.4493260e-08
   8.8371426e-03
   1.3178610e-08
   7.4380630e-08
   5.1684853e-08
   2.7254320e-08
   1.1939669e-08
   3.7720337e-08
   9.4249777e-08
   1.5706198e-03
   1.9665001e-04
   9.9999850e-01
   1.7160200e-08
   1.1014822e-07
   2.0677154e-06
   1.5202058e-07
   1.5029266e-08
   7.4380630e-08
   5.1995791e-07
   9.9999986e-01
   6.2708003e-07
   8.1165601e-02
   8.3317918e-08
   1.9665001e-04
   4.9834784e-08
   1.6318315e-07
   7.4005435e-03
   1.2697384e-07
   9.9999317e-01
   9.9999993e-01
   5.9676728e-08
   7.9964633e-02
   9.4011477e-08
   4.7048240e-08
   3.0551221e-08
   2.5320915e-02
   4.4742717e-06
   8.8371426e-03
   1.5218359e-06
   2.0677154e-06
   1.4343663e-07
   3.7684302e-02
   1.1639598e-06
   2.1268833e-05
   8.2264717e-08
   8.8371426e-03
   1.0814034e-07
   1.9588953e-08
   5.9758944e-01
   1.6065821e-06
   7.4380630e-08
   3.1102395e-01
   1.6180086e-04
   9.9999959e-01
   2.4190296e-06
   1.2225042e-08
   1.5706198e-03
   1.7224195e-07
   4.9834784e-08
   7.4380630e-08
   9.8219563e-08
   1.7152553e-08
   3.0551221e-08
   6.1416936e-08
   2.4074890e-08
   1.8887072e-07
   6.2180492e-08
   2.0677154e-06
   1.7126968e-07
   5.3348455e-08
   1.6318315e-07
   9.9999643e-01
   1.0394409e-03
   1.6180086e-04
   4.7503808e-08
   1.6722995e-08
   4.7029600e-01
   1.9665001e-04
   3.3306468e-02
   9.9999984e-01
   6.3152752e-08
   4.0941486e-07
   4.9902145e-07
   1.0290693e-04
   9.4889977e-08
   5.4523723e-08
   4.9244012e-08
   9.4249777e-08
   9.9999993e-01
   9.9999850e-01
   9.9999978e-01
   1.9665001e-04
   4.8166811e-01
   9.9999999e-01
   5.5791736e-08
   4.1051960e-01
   9.4249777e-08
   1.5398313e-01
   2.9077293e-08
   1.4773214e-07
   3.3306468e-02
   8.8371426e-03
   9.1268081e-05
   7.4005435e-03
   3.2586990e-07
   8.3874479e-02
   1.4306256e-08
   5.9114853e-08
   1.1406749e-07
   9.4249777e-08
   9.8346962e-07
   1.6318315e-07
   4.7712076e-08
   5.3303456e-07
   5.3896467e-08
   7.4005435e-03
   1.7704762e-01
   1.2796820e-06
   3.5705060e-06
   4.7029593e-01
   6.9624699e-05
   1.9876637e-07
   1.1968338e-07
   3.2783820e-07
   9.4867599e-09
   3.4119361e-08
   9.9999826e-01
   1.6318315e-07
   3.2332375e-07
   7.4005435e-03
   1.7418731e-08
   4.7639082e-08
   5.2390500e-08
   7.4005435e-03
   1.6318315e-07
   1.0473713e-07
   5.3176848e-07
   9.8786492e-07
   9.9999996e-01
   1.8578619e-07
   9.4302343e-09
   2.0720949e-08
   7.2222554e-08
   1.2473517e-05
   3.8084800e-01
   4.7108193e-08
   8.1057225e-08
   2.0699424e-08
   1.5889200e-07
   1.4762175e-07
   4.7181407e-01
   1.0557751e-08
   4.7684027e-06
   4.7656351e-08
   3.1399214e-07
   1.7173614e-06
   1.6275066e-07
   9.9999992e-01
   3.1366221e-07
   1.7518059e-01
   5.0996419e-08
   1.8394436e-06
   3.4495258e-07
   9.6213452e-08
   4.7062254e-08
   8.9103744e-08
   7.4005435e-03
   9.3935272e-08
   5.3176848e-07
   1.3915450e-06
   2.0690670e-08
   1.8686432e-07
   9.4249777e-08
   1.0761093e-07
   6.2279283e-07
   2.8836440e-08
   9.9999986e-01
   1.4546948e-08
   9.9999992e-01
   1.2504431e-08
   8.0886241e-07
   5.6937768e-08
   4.7029595e-01
   7.4005435e-03
   6.4073529e-08
   9.9999992e-01
   1.9726398e-08
   4.7029595e-01
   1.3187730e-06
   7.8262033e-06
   1.7491835e-01
   9.9999737e-01
   7.2587256e-02
   9.9999965e-01
   6.2279283e-07
   1.1383930e-08
   1.0892500e-06
   9.9999736e-01
   1.7491836e-01
   3.8804205e-07
   2.7025103e-02
   6.3969142e-07
   9.9999966e-01
   3.1999374e-08
   1.7146107e-04
   1.7929901e-06
   9.9999998e-01
   1.6318315e-07
   4.8035597e-08
   9.4249777e-08
   2.0044514e-04
   6.3969142e-07
   1.0852291e-01
   1.9665001e-04
   2.1923712e-04
   5.4490794e-08
   4.6369854e-08
   1.9665001e-04
   1.6807787e-07
   1.7173614e-06
   2.1934603e-01
   1.9465145e-08
   6.8007001e-01
   1.1432064e-08
   1.2417560e-07
   5.3309516e-08
   1.8927293e-06
   1.0000000e+00
   3.2052002e-08
   1.7912950e-08
   9.9999993e-01
   6.3969142e-07
   1.2514114e-01
   9.9999991e-01
   5.9852637e-08
   9.9999977e-01
   4.7053662e-08
   5.6084813e-08
   1.4279094e-06
   4.6585188e-08
   1.6318315e-07
   4.7131186e-07
   6.4951174e-07
   1.2386344e-07
   9.9999992e-01
   1.7146107e-04
   4.7156014e-08
   2.3250642e-07
   9.9999997e-01
   6.7027952e-07
   1.9955131e-06
   1.0829638e-07
   1.9219073e-07
   1.2620121e-06
   1.6704407e-08
   5.0164940e-07
   1.6318315e-07
   3.2052002e-08
   9.9999993e-01
   4.4998521e-01
   1.5564360e-07
   1.2473517e-05
   5.8397497e-08
   3.2052002e-08
   5.9792426e-08
   4.9253584e-02
   2.4354295e-07
   2.9542297e-08
   6.4142635e-07
   5.9792426e-08
   3.2052002e-08
   2.2204963e-05
   1.7491835e-01
   9.9989757e-01
   9.3334727e-08
   9.9999974e-01
   2.9742502e-07
   9.9999992e-01
   1.7173614e-06
   1.6716423e-07
   4.5370464e-07
   5.1888728e-08
   2.2042389e-08
   7.9008225e-08
   1.3104240e-06
   7.2788912e-08
   3.9530344e-07
   1.5564360e-07
   7.6468783e-07
   1.5910972e-06
   1.0133199e-07
   8.2061329e-02
   9.9999992e-01
   9.9999999e-01
   5.9532141e-06
   8.7256816e-08
   2.9972377e-07
   3.1007775e-07
   2.1923712e-04
   1.7491836e-01
   2.4354295e-07
   9.9999948e-01
   1.2697384e-07
   1.0184970e-03
   1.2768420e-07
   3.2052002e-08
   3.1652863e-07
   1.6318315e-07
   1.3745917e-07
   1.0000000e+00
   2.0175302e-06
   2.3778552e-08
   1.8525255e-06
   1.0184970e-03
   7.8141027e-07
   1.5813398e-07
   1.9665001e-04
   9.9999999e-01
   2.4874841e-07
   5.1040377e-08
   6.2279283e-07
   1.6151806e-02
   1.0184970e-03
   1.6318315e-07
   1.3831804e-05
   3.5845396e-01
   1.4185981e-08
   6.3969142e-07
   1.2386344e-07
   2.2275906e-06
   1.6151806e-02
   1.5624749e-07
   2.6826498e-07
   9.5679829e-08
   1.9665001e-04
   5.2216364e-08
   6.1106702e-07
   9.9998460e-01
   1.5813398e-07
   9.9999995e-01
   2.7025104e-02
   4.4564612e-07
   2.2359406e-08
   6.2279283e-07
   1.2735509e-07
   9.9999999e-01
   4.2987874e-08
   3.7871273e-07
   9.9998460e-01
   1.8489183e-01
   1.5804482e-07
   1.0184970e-03
   6.3969142e-07
   1.3339996e-07
   1.0184970e-03
   2.8020393e-07
   1.0000000e+00
   2.3285959e-08
   2.0471517e-01
   8.0361069e-07
   3.0963187e-07
   1.8489184e-01
   9.0365925e-07
   1.5624025e-07
   4.7490159e-08
   1.0675499e-06
   1.0629250e-07
   1.5564360e-07
   1.6356961e-08
   5.2273261e-08
   4.7414462e-08
   4.6791924e-02
   7.9152910e-02
   5.9040515e-01
   9.9999888e-01
   4.6791925e-02
   9.3062597e-09
   5.2216364e-08
   1.0675499e-06
   8.4812093e-01
   4.7131186e-07
   1.0184970e-03
   1.8394090e-07
   3.1091937e-01
   4.7695994e-08
   4.0604608e-02
   5.2216364e-08
   2.3958464e-06
   1.7422643e-08
   7.3793123e-06
   1.0918729e-08
   9.9999698e-01
   1.3462470e-06
   1.0850762e-07
   7.7563250e-08
   2.1927616e-05
   5.2712937e-08
   8.4348913e-07
   7.9747267e-08
   5.9792426e-08
   1.4358762e-01
   1.2100838e-07
   1.8489185e-01
   1.0184970e-03
   4.7710516e-08
   4.4912166e-08
   1.0184970e-03
   6.7334167e-06
   1.0000000e+00
   3.6761447e-08
   4.4912166e-08
   4.6791924e-02
   2.9390774e-06
   1.1189703e-07
   4.9598805e-08
   1.6061770e-07
   3.4970416e-06
   1.4343663e-07
   6.5485660e-07
   1.1663916e-07
   1.8578619e-07
   1.6808965e-07
   1.8489185e-01
   1.2220328e-07
   1.0184970e-03
   1.3112321e-07
   1.2735509e-07
   7.1836221e-08
   2.6029308e-07
   9.7453626e-02
   3.6541511e-08
   5.3758200e-08
   2.7997997e-08
   4.9334120e-02
   1.5827713e-07
   9.9999850e-01
   6.8999927e-07
   1.0184970e-03
   8.5102816e-01
   4.9561694e-08
   7.6633112e-08
   3.2207807e-07
   4.7131186e-07
   9.9999988e-01
   5.3395743e-07
   3.6657088e-08
   1.8369051e-07
   8.9495959e-08
   2.4327414e-02
   1.4762175e-07
   4.0604609e-02
   2.3704017e-08
   9.9999986e-01
   1.3999627e-06
   5.0257450e-08
   1.3852760e-07
   1.6351252e-04
   6.5582710e-08
   1.4523122e-07
   5.6650897e-08
   1.6808965e-07
   9.9999999e-01
   2.9590207e-06
   8.8371426e-03
   1.6776150e-07
   4.7635883e-08
   6.1870153e-07
   3.6657088e-08
   3.0570913e-01
   4.5038176e-08
   7.6721132e-07
   1.1006141e-01
   3.3236328e-08
   1.0000000e+00
   1.0184970e-03
   2.4595182e-07
   7.5014522e-07
   4.5889129e-08
   6.1870153e-07
   7.5729270e-08
   1.4176574e-08
   5.7177595e-01
   5.9315051e-03
   1.0184970e-03
   9.9999932e-01
   6.1870153e-07
   1.5813398e-07
   3.3802942e-08
   9.9999986e-01
   8.6825337e-06
   1.4695065e-01
   9.9999655e-01
   2.8441233e-07
   1.4718632e-08
   3.4088284e-02
   6.1494573e-06
   9.2971700e-06
   2.1532029e-08
   1.2136892e-05
   8.8371426e-03
   6.1870153e-07
   5.1247814e-08
   4.3962143e-01
   5.9315051e-03
   6.8017188e-07
   1.5813398e-07
   4.6817622e-08
   6.8919648e-08
   1.0789328e-07
   1.0646140e-07
   3.2734867e-08
   4.3205996e-08
   1.5813398e-07
   9.9999999e-01
   9.9999974e-01
   3.6657088e-08
   6.8211448e-03
   9.9999995e-01
   1.0892500e-06
   8.8371426e-03
   1.9665001e-04
   3.4120202e-08
   9.9999896e-01
   3.6657088e-08
   6.8211448e-03
   1.4115883e-06
   9.9999834e-01
   2.3416455e-01
   1.3104540e-06
   3.6657088e-08
   6.8211448e-03
   6.9026113e-07
   1.5813398e-07
   1.4744552e-08
   6.8211448e-03
   4.0882548e-01
   4.8932542e-06
   7.6244866e-01
   4.4069045e-08
   1.0892500e-06
   1.5813398e-07
   6.1870153e-07
   5.2270953e-08
   3.2495821e-07
   1.6808965e-07
   6.6413218e-08
   2.7118325e-08
   1.0892500e-06
   1.5949297e-08
   1.0184970e-03
   1.0551610e-06
   1.9726398e-08
   6.8211448e-03
   1.6351252e-04
   6.1870153e-07
   1.0184970e-03
   1.5813398e-07
   8.0316461e-05
   6.0816514e-07
   6.1870153e-07
   1.7338971e-06
   3.3179539e-06
   3.1478015e-08
   1.6349999e-07
   1.6318315e-07
   6.7334167e-06
   4.2089649e-07
   2.1106894e-07
   6.7492162e-09
   4.4564612e-07
   5.3447152e-08
   1.5813398e-07
   1.6318315e-07
   9.9999980e-01
   1.1736507e-07
   1.1355928e-01
   4.1514030e-01
   6.1870153e-07
   4.5457922e-06
   1.6776252e-08
   3.3069648e-07
   1.5813398e-07
   2.3122477e-08
   3.6737322e-08
   1.2136892e-05
   3.4654976e-08
   3.3069648e-07
   6.4536970e-08
   1.6349999e-07
   1.0184970e-03
   1.2803850e-07
   1.6808965e-07
   3.6657088e-08
   3.8583602e-07
   5.7032524e-08
   6.1870153e-07
   6.5933083e-08
   1.3962163e-07
   1.6318315e-07
   7.3719901e-08
   4.3218783e-02
   5.7177594e-01
   8.2061303e-02
   4.7029591e-01
   2.6057939e-05
   2.4354295e-07
   9.9999779e-01
   1.2980382e-07
   1.9726398e-08
   7.3663415e-08
   3.6657088e-08
   1.2210097e-05
   5.1328171e-08
   6.1870153e-07
   1.8989187e-06
   1.1937478e-05
   2.3745159e-08
   1.3596608e-01
   1.7338971e-06
   1.5813398e-07
   2.4190296e-06
   8.2042531e-08
   1.0184970e-03
   2.6057939e-05
   1.5813398e-07
   2.7118325e-08
   8.1605133e-07
   2.6577369e-07
   4.0591903e-02
   1.6318315e-07
   1.0897992e-02
   3.0963187e-07
   1.6808965e-07
   6.1870153e-07
   2.1302473e-08
   6.8211448e-03
   1.0184970e-03
   3.1473806e-07
   3.6657088e-08
   6.1870153e-07
   2.6452826e-06
   6.7055824e-07
   1.0892500e-06
   1.5813398e-07
   4.8134753e-08
   1.0892500e-06
   9.9999961e-01
   9.9999993e-01
   1.0184970e-03
   1.5813398e-07
   1.0013722e-07
   1.6808965e-07
   2.6826498e-07
   1.0051028e-08
   1.6318315e-07
   6.1870153e-07
   8.0476251e-08
   1.8089587e-07
   9.9999829e-01
   1.2710170e-06
   9.9999983e-01
   5.4686622e-01
   6.1870153e-07
   2.6207767e-06
   1.0184970e-03
   1.6808965e-07
   5.4681553e-08
   1.7161771e-01
   1.6318315e-07
   2.5823846e-09
   1.7249655e-07
   1.0176423e-06
   1.5813398e-07
   9.9999998e-01
   2.6207767e-06
   2.6887933e-07
   1.5813398e-07
   1.9655918e-07
   1.0892500e-06
   3.0439088e-01
   7.4873395e-08
   1.0184970e-03
   1.0000143e-07
   3.5835808e-05
   6.1870153e-07
   3.4492373e-07
   5.8022199e-08
   1.1003392e-06
   9.9999981e-01
   1.9726398e-08
   6.5965845e-08
   1.6318315e-07
   1.5813398e-07
   8.4700460e-07
   3.7468787e-08
   5.4302777e-08
   5.1254007e-08
   2.8020393e-07
   6.5535989e-02
   4.2089649e-07
   1.7568867e-01
   9.9999884e-01
   3.6519141e-06
   1.0184970e-03
   2.8020393e-07
   3.5745900e-07
   4.9127077e-08
   9.9999994e-01
   6.1513615e-07
   2.5577110e-01
   3.4230819e-08
   7.4873395e-08
   9.9999647e-01
   4.7833709e-08
   9.9999912e-01
   1.9396243e-02
   5.3343994e-01
   1.4150065e-06
   1.0184970e-03
   1.1497209e-07
   1.6318315e-07
   1.0000000e+00
   8.8485372e-09
   1.4150065e-06
   8.9312079e-01
   9.9999970e-01
   9.9999775e-01
   5.7440751e-07
   4.4564612e-07
   1.1497209e-07
   1.6318315e-07
   9.9999880e-01
   1.0000143e-07
   7.1522783e-08
   3.1363819e-07
   3.8147296e-01
   3.3306468e-02
   1.3091999e-07
   1.2669293e-07
   2.7905687e-06
   5.7494902e-07
   2.0519103e-06
   7.4873395e-08
   1.0339942e-07
   1.0184970e-03
   6.0943367e-08
   4.0419497e-06
   1.5813398e-07
   9.9999973e-01
   6.4421346e-07
   2.3709168e-07
   2.8535377e-07
   1.4647583e-06
   1.0184970e-03
   1.5813398e-07
   3.0963187e-07
   6.4726227e-01
   1.6318315e-07
   2.8181678e-06
   1.0000143e-07
   1.8835732e-07
   2.0995987e-07
   8.0460919e-08
   1.0184970e-03
   5.1080334e-08
   9.9999913e-01
   8.6061992e-07
   2.6912693e-07
   9.9999961e-01
   7.2246918e-08
   9.5812541e-05
   1.9303438e-07
   9.9999882e-01
   1.2669293e-07
   1.0007444e-07
   2.6577369e-07
   7.0901179e-08
   4.9467640e-08
   9.9999985e-01
   9.9999843e-01
   5.3343989e-01
   1.0044216e-05
   1.7495304e-07
   1.0240563e-07
   4.6925598e-02
   5.0009978e-08
   1.0184970e-03
   1.7302405e-07
   1.7774158e-01
   2.1747934e-06
   3.3306467e-02
   5.6278723e-08
   6.6969700e-08
   1.0000143e-07
   3.5845396e-01
   5.4034156e-08
   1.6318315e-07
   1.9319603e-08
   4.7615354e-08
   1.7262513e-07
   9.9999985e-01
   5.3754180e-08
   8.8181965e-07
   1.0044216e-05
   3.6988276e-05
   1.2669293e-07
   5.3343993e-01
   9.9999992e-01
   1.3107148e-06
   9.9999985e-01
   3.4931406e-07
   2.5892988e-07
   1.0184970e-03
   1.0000115e-07
   7.5131468e-08
   9.9999985e-01
   7.1589898e-08
   5.3310282e-08
   5.8183798e-08
   1.1225707e-07
   8.5262876e-06
   9.9999992e-01
   1.0184970e-03
   7.4873395e-08
   1.6318315e-07
   1.6003711e-01
   4.7417248e-08
   6.1870153e-07
   1.0184970e-03
   1.1414623e-07
   6.0001789e-01
   1.0025970e-07
   9.9038840e-07
   6.1870153e-07
   3.2555990e-02
   3.5745900e-07
   1.2626239e-07
   9.9999906e-01
   4.1352768e-01
   9.3636633e-09
   5.0174764e-08
   7.5366194e-01
   4.5695452e-07
   1.0044216e-05
   9.6488383e-08
   5.3310282e-08
   1.0001384e-07
   1.0144400e-06
   1.7491835e-01
   2.6826498e-07
   1.4038118e-08
   1.0184970e-03
   9.6109516e-09
   6.3811116e-07
   1.7799732e-08
   4.7029588e-01
   6.1870153e-07
   9.9999970e-01
   1.2220328e-07
   1.0240563e-07
   9.9999998e-01
   9.9999991e-01
   7.4768959e-08
   6.3383579e-09
   3.3306468e-02
   1.7491835e-01
   3.7334298e-01
   4.6376196e-08
   5.4157829e-05
   1.4893038e-08
   1.3137705e-08
   2.0438398e-07
   6.1870153e-07
   1.0512050e-07
   1.2351599e-01
   7.8044159e-07
   8.8269443e-02
   9.5303145e-08
   8.3869652e-08
   4.7247353e-01
   3.5087808e-07
   1.2576105e-01
   1.6318315e-07
   6.3969142e-07
   6.1513708e-07
   1.2207316e-02
   4.7422089e-08
   9.9999912e-01
   4.4776248e-01
   3.1363819e-07
   1.5218857e-05
   1.9665001e-04
   1.1942136e-06
   5.3474685e-05
   4.7330040e-08
   7.4768959e-08
   3.3306468e-02
   1.9665001e-04
   3.3306468e-02
   1.2677601e-06
   1.0295892e-07
   1.5814277e-07
   9.9999968e-01
   1.2669293e-07
   1.0478230e-06
   5.3137198e-05
   9.9999912e-01
   3.3306468e-02
   3.2897827e-07
   9.9999999e-01
   3.4946393e-01
   1.0244645e-07
   1.1859722e-07
   2.2589424e-06
   9.9999220e-01
   8.1235567e-08
   4.7113388e-08
   9.9997544e-01
   2.1101347e-07
   6.1870153e-07
   1.3473662e-06
   1.1773093e-07
   6.2885749e-07
   5.4157829e-05
   3.2734867e-08
   6.5536778e-02
   1.3074519e-06
   7.9007670e-08
   1.6318315e-07
   1.0814034e-07
   1.9319603e-08
   5.3343994e-01
   4.6739432e-07
   2.4247752e-07
   6.2300227e-07
   9.9999817e-01
   3.5820956e-07
   3.2734867e-08
   3.3488899e-01
   1.6318315e-07
   1.2207316e-02
   1.2587480e-07
   6.8277027e-07
   1.9319603e-08
   1.1586750e-07
   3.2734867e-08
   4.7734491e-08
   9.9999543e-01
   6.2139462e-08
   6.3034156e-08
   1.7524768e-08
   1.6318315e-07
   9.4779178e-07
   8.6364111e-01
   1.0184970e-03
   4.3361609e-08
   5.3343989e-01
   1.0184970e-03
   6.1870153e-07
   1.0282912e-07
   3.6453749e-07
   4.9363450e-01
   9.3704922e-08
   9.9999209e-01
   1.0184970e-03
   2.0660771e-06
   3.2734867e-08
   9.6281603e-07
   9.9999980e-01
   3.5845405e-01
   1.0184970e-03
   1.7909840e-07
   4.7029592e-01
   2.0677154e-06
   4.2244324e-07
   1.9665001e-04
   5.1181313e-08
   4.2122643e-07
   3.6894169e-08
   8.2264717e-08
   1.3412503e-06
   3.8993626e-07
   5.4055201e-07
   1.6318315e-07
   4.5063760e-01
   2.8661569e-07
   5.2934247e-08
   9.9999818e-01
   5.3176848e-07
   4.7029594e-01
   9.9999883e-01
   6.1870153e-07
   9.2482140e-09
   1.9665001e-04
   1.0000000e+00
   8.2362994e-03
   1.0184970e-03
   4.7427399e-08
   2.0642981e-05
   1.3074519e-06
   1.3151805e-07
   9.9999761e-01
   9.9999999e-01
   9.9999970e-01
   1.1562612e-06
   1.1626244e-07
   9.5282603e-09
   1.9665001e-04
   4.8016142e-08
   4.6661623e-08
   2.1101904e-07
   9.9999999e-01
   8.4052902e-08
   5.4354712e-05
   1.7430243e-06
   1.4068524e-08
   2.4414072e-01
   3.7107368e-08
   3.9359927e-05
   4.2466485e-07
   5.3176848e-07
   1.5629486e-07
   9.1684766e-09
   1.6704407e-08
   1.0184970e-03
   3.6492781e-08
   5.3343994e-01
   2.0677154e-06
   2.0550153e-05
   5.4267544e-01
   4.2466485e-07
   9.9999985e-01
   1.2804624e-06
   2.1101904e-07
   9.9999956e-01
   1.0184970e-03
   3.2734867e-08
   6.5734289e-02
   9.9999999e-01
   2.0432770e-06
   1.0184970e-03
   3.0050004e-07
   2.3565588e-06
   1.0184970e-03
   9.9712228e-05
   3.4608967e-07
   4.7656351e-08
   1.9319603e-08
   1.0359964e-07
   6.9503653e-08
   1.6318315e-07
   9.9999909e-01
   8.4052902e-08
   4.9076957e-08
   2.8033123e-06
   2.2921914e-05
   1.6318315e-07
   1.7491835e-01
   8.1262317e-07
   9.4867600e-09
   6.6002965e-08
   8.4052902e-08
   5.8166588e-08
   1.0842657e-01
   6.8211448e-03
   2.6057939e-05
   9.0213577e-06
   1.0184970e-03
   1.7837313e-05
   4.3970465e-07
   3.3420737e-08
   9.3576553e-08
   8.0280905e-08
   1.9726398e-08
   3.2734867e-08
   2.0432770e-06
   7.9253880e-01
   9.8219563e-08
   5.4904306e-01
   9.2305920e-08
   6.1870153e-07
   1.0184970e-03
   3.2386999e-07
   3.0017818e-05
   9.7610641e-08
   8.4052902e-08
   9.4602514e-07
   9.6057178e-08
   1.6318315e-07
   2.0188658e-06
   4.2512053e-01
   4.7919789e-07
   5.3825195e-08
   1.8063686e-06
   3.5855760e-07
   1.0184970e-03
   7.5734030e-08
   5.3176848e-07
   1.0047467e-03
   4.1590357e-08
   1.9794421e-07
   4.6187779e-07
   8.4933298e-08
   3.5855760e-07
   5.1980786e-07
   4.2333787e-07
   1.0184970e-03
   2.0432770e-06
   8.8371426e-03
   2.8888660e-03
   1.8485455e-06
   1.9665001e-04
   2.6412752e-07
   1.9396243e-02
   1.0184970e-03
   9.9999834e-01
   1.0000000e+00
   2.4781254e-08
   1.6318315e-07
   1.0184970e-03
   1.0156684e-06
   8.2033509e-07
   8.5882462e-08
   1.0335394e-07
   5.5024221e-07
   4.9363449e-01
   7.5966861e-02
   5.2259551e-07
   4.8600669e-08
   5.0705963e-01
   2.9212063e-08
   7.6210386e-08
   7.2788912e-08
   2.0677154e-06
   7.0985562e-07
   1.0184970e-03
   1.6318315e-07
   7.0023151e-01
   7.0663411e-08
   1.7491834e-01
   4.6504170e-08
   1.6876478e-08
   1.2758089e-07
   9.5103475e-08
   1.0184970e-03
   8.4052902e-08
   1.3412503e-06
   1.6866427e-06
   9.9999549e-01
   1.3920685e-08
   9.5573073e-08
   9.5030056e-07
   2.1934599e-01
   8.4052902e-08
   3.3169455e-06
   1.4541373e-07
   7.6230135e-07
   9.9999999e-01
   3.0038784e-06
   1.3714770e-01
   7.6193669e-08
   1.0978926e-07
   6.8107479e-01
   2.5727410e-06
   4.8986797e-02
   3.2124930e-08
   6.4344243e-01
   8.4052902e-08
   5.1454944e-07
   7.6193669e-08
   4.7074142e-08
   6.0649344e-07
   4.6185342e-07
   1.9665001e-04
   9.4249777e-08
   2.0432770e-06
   2.7559737e-07
   7.0893557e-07
   5.1521302e-07
   7.6193669e-08
   2.2293154e-07
   4.9465762e-07
   5.8983337e-07
   3.2235679e-07
   8.1173968e-02
   4.1964723e-08
   4.7074142e-08
   1.6318315e-07
   9.9999953e-01
   6.6097108e-01
   4.7520326e-08
   5.2918602e-08
   4.1443382e-07
   3.3166547e-06
   1.2011862e-07
   9.9999736e-01
   4.9919310e-08
   5.1058775e-02
   5.8090639e-08
   1.3757428e-01
   1.5705089e-06
   1.0184970e-03
   6.2547264e-02
   9.4249777e-08
   1.1245701e-06
   7.0722830e-08
   1.0184970e-03
   2.0787444e-07
   1.7491834e-01
   1.3573373e-07
   4.6237732e-07
   5.3906658e-08
   9.4249777e-08
   1.0184970e-03
   1.6318315e-07
   8.0742682e-08
   9.4249777e-08
   3.0883648e-07
   1.4162204e-06
   9.6111020e-08
   3.5553572e-06
   3.0462339e-07
   8.0742682e-08
   1.8443340e-06
   3.3306467e-02
   1.6504272e-07
   4.0166369e-06
   2.2747167e-02
   1.4498578e-06
   4.7476941e-08
   9.9999969e-01
   2.9754522e-08
   1.4482347e-01
   2.5177892e-06
   1.1214803e-07
   7.6193669e-08
   5.8090639e-08
   6.2570033e-06
   5.8483031e-07
   1.2710170e-06
   1.7491835e-01
   9.5812541e-05
   6.1026072e-08
   9.8626414e-08
   4.0419920e-08
   8.8989630e-07
   1.5979923e-07
   7.1158357e-07
   6.2347606e-07
   1.7491835e-01
   5.0033390e-07
   1.3883942e-07
   4.7257510e-08
   5.6602206e-08
   8.7343137e-07
   1.9665001e-04
   2.4190296e-06
   9.8626414e-08
   2.9040777e-08
   4.5046694e-07
   2.6818928e-07
   9.9999911e-01
   4.6334040e-08
   2.5177892e-06
   2.4876920e-07
   1.0184970e-03
   2.6712046e-01
   6.0179049e-07
   5.0837066e-08
   1.9528892e-07
   1.7730717e-06
   6.3052230e-07
   5.3359279e-08
   1.0184970e-03
   7.6193669e-08
   1.6318315e-07
   4.8632489e-08
   1.7491834e-01
   5.5860949e-06
   3.2428968e-06
   3.7448128e-06
   8.0742682e-08
   1.4512718e-08
   5.2996070e-06
   7.6193669e-08
   9.8626414e-08
   1.4476783e-07
   5.8238532e-08
   2.7694804e-06
   8.1525781e-08
   7.6193669e-08
   1.5430981e-06
   6.5906817e-08
   2.2050580e-06
   9.4696394e-07
   9.6240362e-07
   1.9726398e-08
   1.7491835e-01
   9.8626414e-08
   5.8483031e-07
   5.8528554e-08
   1.6610072e-07
   9.5812541e-05
   1.6318315e-07
   9.8626414e-08
   2.1660621e-07
   2.3325629e-07
   4.4709223e-07
   9.9999957e-01
   9.8626414e-08
   7.1178952e-08
   4.9051856e-06
   3.8690025e-07
   4.8176170e-08
   7.5734030e-08
   9.4249777e-08
   9.9999977e-01
   5.8130911e-08
   5.0467077e-08
   1.7491834e-01
   7.2922935e-01
   9.8626414e-08
   1.3462470e-06
   9.9999958e-01
   6.3034156e-08
   1.6318315e-07
   2.9346902e-08
   9.9999875e-01
   4.6972853e-08
   6.6639546e-03
   1.6132226e-06
   8.8294686e-03
   2.9636008e-08
   9.9999991e-01
   9.9999956e-01
   3.5034337e-08
   1.6783924e-06
   2.7403995e-01
   2.7653536e-07
   4.0028363e-07
   1.5217885e-08
   3.3641761e-06
   1.7518060e-01
   2.5288803e-06
   1.0000000e+00
   1.9066694e-06
   3.4481517e-06
   9.9998978e-01
   3.7534828e-02
   8.7327335e-07
   6.3799304e-01
   2.1845125e-01
   9.8626414e-08
   9.9998986e-01
   4.3872144e-08
   9.0229627e-01
   9.5812541e-05
   1.6318315e-07
   1.1134416e-08
   1.6730806e-06
   9.8626414e-08
   1.1655925e-06
   6.4594222e-08
   7.5295706e-08
   8.8294685e-03
   1.3045466e-07
   3.0307829e-08
   6.4053935e-09
   7.5734030e-08
   1.7491834e-01
   6.2692050e-07
   3.3957757e-07
   2.4694853e-08
   1.2677601e-06
   1.9665001e-04
   7.8150948e-01
   2.1458223e-07
   6.7945548e-01
   3.3881843e-08
   5.1176933e-07
   1.7321185e-06
   9.6344408e-09
   9.5812541e-05
   5.9149683e-08
   9.5812541e-05
   1.3876613e-06
   9.8626414e-08
   6.0470707e-08
   8.0061543e-08
   9.9999985e-01
   9.8261561e-08
   9.5839602e-08
   4.2762768e-07
   1.5254958e-07
   4.7029592e-01
   3.3218663e-02
   1.6318315e-07
   2.5517390e-06
   9.8007368e-05
   1.0802840e-01
   5.2712937e-08
   1.7518059e-01
   9.9999985e-01
   1.6861566e-07
   3.1554220e-08
   2.6561558e-08
   1.6709517e-08
   2.5177892e-06
   2.4784201e-07
   3.0343816e-07
   6.0373877e-01
   2.5710100e-09
   8.8920146e-06
   9.7968183e-09
   1.4255051e-07
   1.3467193e-07
   9.9999999e-01
   9.9999830e-01
   7.5837676e-07
   9.4041369e-09
   8.8294685e-03
   1.5912293e-07
   5.3208573e-07
   5.4130429e-07
   6.6639546e-03
   1.6318315e-07
   2.3325363e-07
   7.6193669e-08
   3.5104220e-06
   6.2787901e-07
   5.6795237e-08
   5.2565761e-03
   5.2816392e-08
   1.6227908e-01
   3.4929381e-07
   9.9999830e-01
   8.0860501e-02
   1.9959124e-07
   8.8803145e-02
   6.4536970e-08
   1.0873549e-02
   5.3229262e-07
   3.4929381e-07
   4.7029584e-01
   6.9187384e-08
   3.2235679e-07
   1.8851591e-08
   1.7508846e-06
   3.0786758e-08
   1.0644300e-08
   9.9999912e-01
   6.6639546e-03
   7.6193669e-08
   1.0039866e-08
   1.4922755e-08
   9.9999993e-01
   2.7669766e-08
   6.6639546e-03
   7.1805561e-01
   1.2442897e-07
   1.1734359e-07
   5.3176848e-07
   1.0536573e-06
   1.9665001e-04
   3.9956318e-01
   4.8359169e-07
   6.6639546e-03
   7.6193669e-08
   4.5969394e-08
   5.3314564e-08
   3.7043024e-01
   4.6037317e-08
   1.6555991e-07
   1.2134014e-07
   3.1513848e-06
   8.9742307e-08
   1.8616386e-01
   3.3272278e-07
   1.6318315e-07
   6.4186700e-09
   9.9999960e-01
   6.5407810e-08
   1.7518059e-01
   4.7807634e-07
   5.8993502e-08
   1.4269730e-07
   5.7262270e-07
   1.6318315e-07
   3.4111620e-07
   2.5076534e-07
   4.8426003e-02
   8.8294685e-03
   4.9705418e-07
   1.4639919e-07
   9.9999999e-01
   9.9971989e-01
   3.4111620e-07
   9.9999999e-01
   4.7368376e-08
   1.0184970e-03
   7.6193669e-08
   1.1309928e-08
   6.3052230e-07
   9.9999645e-01
   1.0184970e-03
   3.4677564e-07
   2.3959001e-07
   4.0202850e-07
   9.1016786e-01
   3.0401443e-07
   8.4052902e-08
   1.6318315e-07
   1.4841319e-08
   4.6538112e-07
   8.0710958e-08
   3.3389592e-07
   3.3668255e-06
   6.1062847e-09
   1.5899403e-02
   5.7878018e-07
   1.0503582e-07
   7.2320927e-01
   2.5139155e-07
   1.9726398e-08
   1.7250288e-06
   8.8294685e-03
   9.1376952e-09
   1.6279942e-08
   7.6193669e-08
   8.8294685e-03
   3.4111620e-07
   8.4052902e-08
   9.9998460e-01
   6.7688332e-08
   9.4992909e-07
   7.6193669e-08
   3.2358064e-08
   9.9999999e-01
   1.0184970e-03
   3.4111620e-07
   5.3176848e-07
   1.6279942e-08
   4.9407989e-07
   5.0600884e-06
   6.3052230e-07
   8.8294685e-03
   9.9999987e-01
   1.6279942e-08
   5.2462919e-08
   1.0000000e+00
   1.8967962e-06
   8.7895988e-07
   1.0184970e-03
   3.8567222e-07
   9.9999987e-01
   1.0184970e-03
   2.9237188e-07
   1.0446698e-01
   2.0642981e-05
   3.3897466e-06
   3.8100104e-06
   6.3052230e-07
   4.5841866e-07
   7.6193669e-08
   4.1167577e-08
   1.7508846e-06
   1.7508846e-06
   8.4052902e-08
   2.0693770e-09
   9.9999910e-01
   3.4111620e-07
   1.0184970e-03
   9.9999992e-01
   1.7508846e-06
   3.3696113e-07
   7.3292060e-07
   3.1612268e-02
   3.4111620e-07
   9.9999986e-01
   9.9999989e-01
   7.4208853e-07
   2.0550153e-05
   2.3267744e-02
   1.0236599e-07
   9.9999686e-01
   1.7954195e-01
   1.3852760e-07
   7.0057214e-01
   8.3885475e-08
   1.0244645e-07
   7.2222554e-08
   4.7684027e-06
   1.3582877e-07
   8.1912194e-07
   9.9999986e-01
   1.9612800e-07
   1.7218962e-01
   1.6779796e-07
   1.5509533e-07
   8.0000804e-07
   1.4537964e-06
   2.0660771e-06
   9.1960513e-07
   5.4023251e-08
   7.9284330e-08
   4.7029591e-01
   1.0000000e+00
   1.8708926e-06
   2.1106894e-07
   4.8965936e-01
   3.3306468e-02
   3.6976306e-07
   4.6619700e-08
   1.9988249e-07
   5.1995791e-07
   5.7959037e-02
   3.3306468e-02
   4.7612623e-08
   5.3247050e-08
   1.9707509e-07
   4.8026456e-08
   9.9999437e-01
   9.9999991e-01
   1.3645286e-07
   1.9707509e-07
   5.2138031e-08
   1.0974308e-07
   1.0253839e-07
   1.9665001e-04
   6.3034156e-08
   2.0660771e-06
   1.0240563e-07
   1.7218962e-01
   2.0660771e-06
   1.1226344e-06
   1.1189703e-07
   2.7449593e-01
   7.9561915e-07
   8.0000804e-07
   1.5932768e-04
   9.9999999e-01
   1.4189258e-06
   7.7508141e-08
   4.9998877e-08
   7.8928643e-07
   2.0660771e-06
   7.0989277e-08
   1.5254447e-07
   9.4011532e-08
   8.2893879e-02
   6.4152095e-01
   3.7671142e-06
   4.6945789e-08
   9.9999999e-01
   9.6929268e-08
   9.3858032e-08
   1.1127401e-07
   6.9032982e-01
   2.2604942e-07
   9.1164872e-09
   9.9997180e-01
   7.8267801e-06
   6.4152092e-01
   2.0579002e-07
   7.7138647e-08
   9.9999999e-01
   9.9999987e-01
   6.4152096e-01
   7.6074053e-08
   9.5527938e-08
   5.4104749e-08
   3.3306468e-02
   1.5529851e-02
   4.0941585e-07
   6.7340229e-06
   1.1616179e-07
   6.0356887e-07
   1.5529851e-02
   5.3314564e-08
   1.5625583e-06
   2.0660771e-06
   1.9612800e-07
   2.2600383e-07
   9.4935200e-08
   3.3306468e-02
   4.8035597e-08
   4.6259710e-02
   7.7436212e-08
   1.6260750e-07
   1.6561636e-07
   1.9772897e-08
   6.9439881e-02
   5.4523723e-08
   7.7436212e-08
   9.9999831e-01
   7.7138647e-08
   4.7677330e-08
   5.9792426e-08
   4.4656416e-02
   3.9152506e-08
   7.7436212e-08
   4.5744774e-08
   9.9999437e-01
   1.5134557e-08
   1.3573076e-06
   2.5795892e-07
   8.1157010e-02
   5.4824766e-08
   6.3413946e-01
   3.2587035e-07
   1.5513435e-07
   1.9269566e-06
   5.6817565e-02
   1.5529851e-02
   1.8131484e-07
   1.6233088e-01
   5.3303456e-07
   1.5353436e-07
   3.3306468e-02
   4.7606398e-06
   9.9999994e-01
   1.2111190e-08
   1.9764402e-04
   6.8280891e-08
   9.9999605e-01
   6.2328721e-07
   6.6151379e-06
   7.6708341e-08
   7.9396060e-08
   1.9726398e-08
   3.7901806e-07
   3.4327497e-06
   1.8033082e-06
   3.1958494e-08
   7.4747416e-08
   3.7671142e-06
   1.7833863e-07
   1.2976201e-07
   3.1536397e-02
   8.0058524e-01
   3.1745718e-07
   1.4894274e-07
   5.4703934e-08
   1.1383410e-08
   1.3074519e-06
   9.5085428e-08
   8.0311488e-02
   6.8426382e-08
   1.9665001e-04
   9.5812541e-05
   2.6217065e-08
   1.9665001e-04
   5.4703934e-08
   4.7029595e-01
   1.7592751e-07
   9.9999777e-01
   7.6854654e-08
   1.0446643e-07
   1.3074519e-06
   1.5513435e-07
   5.7005197e-07
   5.0622944e-08
   9.5917215e-08
   1.5789790e-07
   3.0572786e-07
   1.9726398e-08
   1.4852741e-07
   4.8361404e-08
   9.1409590e-01
   5.4703934e-08
   9.6436517e-07
   1.5713214e-07
   9.5527938e-08
   5.1975811e-01
   7.7436212e-08
   5.4703934e-08
   4.7782498e-08
   1.5673335e-07
   9.5252832e-08
   8.0820632e-08
   1.0000000e+00
   7.7436212e-08
   3.8907800e-08
   3.7533760e-08
   4.2987874e-08
   5.4587349e-09
   9.5018472e-08
   4.7108207e-08
   3.2602847e-07
   7.7436212e-08
   1.5408982e-07
   5.7571743e-08
   3.4887122e-07
   5.3348473e-08
   1.0000000e+00
   6.6865983e-08
   1.4476366e-01
   5.6263022e-07
   6.0430890e-05
   9.9999622e-01
   6.1652908e-02
   4.8361404e-08
   8.0075112e-02
   7.5876465e-07
   5.4345282e-08
   3.5416816e-08
   9.5018472e-08
   4.6313368e-07
   6.6865983e-08
   1.2411752e-06
   5.0766851e-08
   1.5269896e-01
   4.5063523e-01
   2.4960101e-06
   1.3209215e-07
   4.8522516e-07
   7.6720647e-02
   3.3689769e-07
   2.2600385e-07
   7.7436212e-08
   2.5791523e-07
   6.0457403e-07
   1.0000000e+00
   1.0567937e-07
   7.5876465e-07
   1.6815847e-07
   4.5063524e-01
   1.5868428e-01
   5.7715104e-01
   9.8795525e-07
   9.3834132e-08
   5.4715844e-08
   4.9725450e-08
   3.5977662e-07
   6.4043247e-08
   5.5628347e-01
   5.3572671e-08
   7.9164215e-07
   1.4848873e-07
   9.9999289e-01
   2.7025076e-02
   5.5707576e-07
   5.2189770e-08
   1.4115332e-07
   9.6985293e-08
   1.8956562e-07
   9.9999994e-01
