  -5.0609434e-03
   4.3396232e-03
  -5.3138820e-02
  -9.6043768e-02
  -5.2573907e-06
  -5.2741294e-02
  -9.5238665e-02
  -3.6532275e-06
  -1.7122208e-02
   6.0671845e-01
  -4.0965625e-06
   4.6630940e-02
  -2.3971152e-06
   0.0000000e+00
   4.6630940e-02
  -1.7122208e-02
  -9.0195012e-02
  -5.8469267e-06
  -7.6851124e-02
  -7.4858282e-06
   1.1576536e-06
   1.5999125e-02
  -3.5960113e-06
  -1.6284821e-06
  -2.1057867e-06
  -2.4506387e-06
   1.7352063e-06
  -6.8384514e-06
  -8.0009544e-02
  -2.9308539e-02
  -1.3469530e-04
  -5.9888439e-01
  -9.0199021e-02
  -1.0548839e-05
  -3.9909707e-02
  -4.8023010e-02
   2.0453817e-06
  -6.4027088e-06
   0.0000000e+00
  -2.9066051e-06
  -5.0415065e-02
  -1.6615010e-02
  -9.7432960e-06
   0.0000000e+00
  -2.1030043e-06
  -1.0725213e-06
  -2.1030043e-06
  -6.1483085e-05
  -1.5539892e-06
   3.5727973e-02
  -6.8135524e-06
   0.0000000e+00
  -5.9097058e-06
  -5.3464298e-06
  -1.0979554e-01
  -2.1482890e-02
  -2.9783426e-05
  -2.2288035e-02
   8.1946871e-07
   1.2297507e-06
   7.5721595e-02
  -9.9451295e-06
  -5.3464298e-06
  -2.1090603e-06
  -4.5537422e-01
   1.5998080e-02
  -6.5797053e-06
  -6.2652769e-02
  -5.3464298e-06
   4.6630940e-02
   3.7834588e-02
  -6.4009993e-06
  -5.0415065e-02
   1.3536374e-01
  -6.2651994e-02
  -2.5438421e-01
  -2.1153164e-06
  -1.0725213e-06
  -1.0548839e-05
  -7.4472909e-03
  -6.8135524e-06
  -3.2117647e-06
  -1.0725213e-06
  -4.2546789e-06
  -5.7241686e-05
  -2.5639067e-06
   1.5997932e-02
  -2.1030043e-06
  -6.2480887e-06
  -1.8829483e-02
  -1.0709143e-01
   1.7866666e-01
   0.0000000e+00
  -4.2163570e-06
   1.3254296e-01
   6.2072872e-01
   1.1245515e-06
  -4.2163570e-06
  -1.1847954e-02
  -6.8384514e-06
  -1.5226468e-01
  -1.8545087e-06
   1.5998935e-02
  -1.4484454e-01
   6.8127851e-01
  -2.9783426e-05
  -5.7350022e-01
  -6.4009993e-06
  -3.3094742e-06
  -1.0683002e-06
   2.0110807e-01
   0.0000000e+00
  -3.5713802e-06
   2.5834983e-01
  -1.8545087e-06
  -1.0725213e-06
  -6.1945756e-07
  -6.8384514e-06
  -1.3755364e-05
  -6.4009993e-06
   2.5438666e-01
  -5.3464298e-06
  -1.8829483e-02
  -1.7413869e-06
  -1.7122208e-02
  -2.9307126e-02
  -1.7886995e-06
   7.5721595e-02
  -9.8067600e-03
  -7.4472909e-03
  -8.4974655e-02
  -2.2288035e-02
  -5.4134443e-06
  -3.9909707e-02
   1.5999125e-02
  -4.8023010e-02
  -2.1251953e-01
   7.5721595e-02
  -9.8063501e-03
   6.1596332e-02
  -3.4610082e-07
  -3.4213939e-06
  -1.7886995e-06
  -1.8829483e-02
  -1.6284821e-06
  -4.8525506e-01
   0.0000000e+00
  -2.0259378e-02
  -1.6890237e-06
  -2.0856067e-01
  -2.4506387e-06
  -3.5713802e-06
  -3.6457709e-06
   1.3536374e-01
  -6.5797053e-06
   5.8487484e-02
  -1.4457367e-01
  -5.3083902e-02
   3.7834588e-02
  -1.6935253e-06
  -1.5539892e-06
  -5.3464298e-06
  -9.9451295e-06
   1.1245515e-06
  -2.9307126e-02
   2.8998131e-01
  -3.7171890e-02
   7.5898039e-01
   1.3254296e-01
  -1.6612350e-02
  -5.7388828e-06
  -5.0417406e-02
  -1.1366780e-05
  -1.2354076e-01
  -4.1449094e-06
   2.0944771e-01
  -3.3229286e-06
  -1.5226453e-01
  -5.9097058e-06
  -1.0725213e-06
   5.1154529e-01
   1.0756849e-06
  -2.1030043e-06
   3.3959172e-01
  -1.0548839e-05
   1.0231604e-06
   5.8474561e-02
   1.7200618e-01
  -2.1126257e-06
   5.8487484e-02
   3.7053375e-06
  -2.0257056e-01
   2.3780490e-01
   8.9032509e-07
   0.0000000e+00
  -1.7459289e-05
  -1.0709143e-01
  -3.3229286e-06
  -3.4610082e-07
  -1.0979918e-01
  -7.6851124e-02
  -4.8752376e-02
  -2.0551772e-01
  -2.5130630e-06
  -3.7824479e-06
  -2.0955306e-06
   0.0000000e+00
  -1.5638160e-02
  -6.2046193e-02
  -3.6457709e-06
  -6.8384514e-06
  -1.4484454e-01
  -3.1186867e-04
  -5.6414558e-06
  -7.4858282e-06
  -1.9545415e-06
  -2.2288035e-02
  -4.1244686e-06
  -3.5713802e-06
  -2.9307126e-02
  -5.3079821e-02
  -4.1271223e-02
  -1.6890237e-06
  -6.4027088e-06
   1.5998033e-02
  -2.2288035e-02
  -5.3610008e-02
  -3.7171890e-02
  -2.3529806e-04
  -5.4134443e-06
  -4.1244686e-06
  -5.6261538e-01
   7.5721595e-02
  -3.5713802e-06
  -3.9909707e-02
   1.1549240e-01
  -7.6851124e-02
  -3.1723080e-02
  -5.4134443e-06
  -2.5897310e-06
  -2.0257056e-01
  -1.1595298e-02
  -3.1097920e-05
  -1.0000017e+00
  -5.2741294e-02
   1.5529530e-01
   5.1038180e-01
  -5.0417406e-02
   1.0756849e-06
  -3.0688010e-05
  -6.9128053e-06
   1.7866683e-01
  -2.3569170e-02
  -1.3385726e-01
  -1.6612350e-02
  -6.1945756e-07
  -2.0259378e-02
  -3.7824479e-06
  -1.1847954e-02
  -1.8059078e-05
  -3.3229286e-06
   0.0000000e+00
  -2.8302742e-02
  -6.7910480e-06
  -4.5535699e-01
  -2.0484348e-01
   1.0231604e-06
   5.8487484e-02
   5.8487484e-02
   6.2072872e-01
   1.5998080e-02
  -1.9545415e-06
  -1.9161054e-06
  -1.3386080e-01
   2.3780490e-01
  -9.7432960e-06
  -2.0673696e-05
   0.0000000e+00
   7.5876509e-01
  -9.9451295e-06
  -5.3464298e-06
  -7.3538892e-06
  -1.3755364e-05
   0.0000000e+00
   1.7866526e-01
  -5.1094487e-02
  -4.1458141e-06
   3.7834588e-02
  -3.7171890e-02
   0.0000000e+00
   5.0166634e-07
  -3.3334765e-06
  -8.0031953e-06
   1.2297507e-06
  -1.7529547e-06
   1.5529631e-01
   1.3254296e-01
   6.0233555e-02
   1.5412117e-01
  -3.5713802e-06
  -2.1070583e-06
  -6.9566286e-03
  -2.0856094e-01
  -3.5713802e-06
   4.6630940e-02
  -1.0622482e-06
  -3.3229286e-06
   3.3959172e-01
  -1.0725213e-06
  -2.1126257e-06
   3.5729422e-02
  -5.0415065e-02
   1.5998033e-02
   0.0000000e+00
  -1.0548839e-05
  -1.4966208e-06
  -1.5539892e-06
   8.4396246e-01
  -7.7922689e-02
  -2.9783426e-05
  -3.4610082e-07
   9.4409952e-07
  -5.6414558e-06
  -5.6414558e-06
  -7.6272159e-02
  -4.1271223e-02
  -1.6615010e-02
   0.0000000e+00
  -3.4610082e-07
   3.7834588e-02
   4.6632064e-02
  -9.5238665e-02
  -6.4027088e-06
  -6.4027088e-06
  -2.8302742e-02
   0.0000000e+00
  -1.1366780e-05
  -4.4353589e-06
  -1.7459289e-05
  -1.6615010e-02
  -5.9541994e-02
   1.5998080e-02
  -9.0195012e-02
  -1.0732454e-01
  -1.7407277e-06
  -3.1097920e-05
   2.5930595e-01
  -1.1595298e-02
  -6.3869524e-06
  -3.3094742e-06
   3.5729422e-02
   1.2596840e+00
  -3.6532275e-06
  -1.0725213e-06
  -2.0142954e-01
   2.0453817e-06
  -3.4906609e-01
   9.8829922e-01
  -8.0031953e-06
  -1.1366780e-05
  -8.3380235e-07
  -2.9783426e-05
  -1.4419120e-04
  -3.8885991e-06
  -3.6532275e-06
   4.7946695e-02
  -2.0484179e-01
   3.5727973e-02
  -4.7264368e-07
   8.7681211e-02
   6.6389181e-01
  -2.9783426e-05
   3.3959172e-01
   0.0000000e+00
  -1.4035399e-06
  -1.3386260e-01
  -6.8384514e-06
  -1.2089094e+00
  -1.7445363e-01
   8.3586521e-01
  -6.8929843e-03
   1.7852465e-01
  -3.2117647e-06
  -1.6615010e-02
   1.5529530e-01
  -6.2480887e-06
   2.5835082e-01
  -3.8320491e-01
  -3.8050854e-08
   1.5998935e-02
  -1.0548839e-05
   6.3949243e-01
  -4.4481938e-06
  -2.9532194e-06
  -1.3386080e-01
  -4.7520217e-06
  -3.3334765e-06
  -3.3344817e-06
   3.8973845e-01
  -2.1887196e-06
  -2.1057867e-06
   7.5721595e-02
  -5.7241686e-05
  -8.4974919e-02
  -3.0538159e-01
   9.0820963e-02
  -1.3410645e-05
  -1.4457347e-01
  -6.7910480e-06
  -4.8023010e-02
   7.5721595e-02
  -1.7459289e-05
  -3.4610082e-07
  -5.3464298e-06
  -1.5638160e-02
  -2.0265351e-02
  -1.7122208e-02
   5.5141506e-01
   7.5702588e-01
  -1.6615010e-02
   1.2282397e-01
  -5.3464298e-06
  -4.7520217e-06
  -1.7619696e-01
   0.0000000e+00
  -8.3380235e-07
   2.0944771e-01
   5.8487484e-02
  -1.7416990e-01
  -3.9321739e-04
   5.8487484e-02
  -2.0142954e-01
   5.8487484e-02
  -1.5246407e-07
  -2.9783426e-05
   7.6142988e-02
   7.5721595e-02
  -3.3229286e-06
  -3.2117647e-06
  -1.8545087e-06
   5.8487484e-02
  -1.3387112e-01
  -1.8829483e-02
  -4.5968201e-06
  -4.7520217e-06
  -1.0774226e-04
  -6.5797053e-06
  -5.3464298e-06
  -1.0683002e-06
  -1.5226453e-01
   6.4374511e-01
   1.5412117e-01
  -2.1483075e-02
  -1.4035399e-06
  -6.1945756e-07
  -4.5537422e-01
  -6.2933843e-02
   1.4164038e-02
  -1.8829483e-02
  -2.2102699e-01
  -3.1097920e-05
   0.0000000e+00
  -1.2971042e-06
  -1.8831105e-02
  -1.5596346e-02
   6.4901352e-08
  -1.0548839e-05
  -1.0548839e-05
  -1.7122208e-02
  -1.0296950e-05
   3.5729316e-02
  -1.6284821e-06
   1.0562739e-06
  -6.2337092e-07
  -2.9309216e-02
  -1.0732480e-01
  -1.5580581e-02
   4.3268816e-06
   7.9613943e-01
  -2.0257056e-01
  -6.5797053e-06
  -3.0352890e-06
   2.0453817e-06
  -4.9858042e-06
  -3.1250411e-06
  -3.8579647e-06
  -5.2741294e-02
  -3.2117647e-06
  -1.6935253e-06
  -3.3211760e-02
  -1.0732480e-01
   7.5721595e-02
  -3.1250411e-06
  -6.7910480e-06
   0.0000000e+00
  -7.2435205e-02
   9.0726600e-03
  -6.3869524e-06
  -5.3464298e-06
  -6.8378725e-01
  -2.0260714e-02
  -6.7910480e-06
  -3.3344817e-06
   0.0000000e+00
  -5.3464298e-06
  -1.5596346e-02
   4.4826785e-01
  -1.5596346e-02
   7.5015976e-01
  -1.8375781e-06
   7.5721595e-02
   5.1369286e-01
  -1.8545087e-06
  -6.8135524e-06
  -5.6414558e-06
  -5.3464298e-06
  -1.0732480e-01
  -5.9097058e-06
   1.0562739e-06
  -4.7520217e-06
   3.6931041e-01
  -2.9783426e-05
  -2.1126257e-06
  -2.9770412e-02
  -1.7122208e-02
   3.8129135e-01
  -2.5897310e-06
   0.0000000e+00
   5.8487484e-02
   1.8755063e-02
  -2.9783426e-05
   0.0000000e+00
  -3.1452459e-05
   1.0562739e-06
   9.0726600e-03
   9.0726600e-03
  -3.3344817e-06
   1.3254296e-01
  -1.7459289e-05
  -7.4472909e-03
  -1.1366780e-05
  -2.3569170e-02
   5.8486081e-02
  -1.5638160e-02
  -1.0683002e-06
   6.2538234e-01
  -1.4484454e-01
   7.5721595e-02
   2.9179216e-02
  -1.9948981e-07
  -1.7459289e-05
  -1.7036757e-01
   0.0000000e+00
   1.3536374e-01
   1.0325122e-03
  -3.5960113e-06
  -1.1366780e-05
  -1.6935253e-06
  -1.8342730e-06
  -5.6414558e-06
  -1.8375781e-06
  -3.3344817e-06
  -1.9948981e-07
  -1.1446109e-02
  -3.0029503e-06
   0.0000000e+00
  -8.0927997e-07
   0.0000000e+00
  -5.3464298e-06
   0.0000000e+00
   3.3207311e-01
  -6.8135524e-06
   1.2297507e-06
  -5.1935718e-01
  -3.1452459e-05
  -1.4367871e-06
   4.3268816e-06
   0.0000000e+00
  -1.0548839e-05
  -9.7432960e-06
  -1.4414952e-01
  -1.0296950e-05
  -1.5784071e-01
  -3.3211760e-02
  -3.2988124e-06
  -1.5226453e-01
   4.3268816e-06
  -7.2435205e-02
  -6.3869524e-06
  -1.0979918e-01
  -3.2117647e-06
  -9.7432960e-06
  -5.9097058e-06
  -2.1030043e-06
  -1.8831105e-02
  -5.2741294e-02
   0.0000000e+00
  -6.5797053e-06
  -3.1250411e-06
  -6.3869524e-06
  -5.4134443e-06
  -9.2329773e-07
   4.8976287e-02
  -6.5797053e-06
   1.3536374e-01
  -1.5539892e-06
  -1.5638160e-02
  -1.8831105e-02
  -1.3361221e-06
  -5.0179177e-02
  -1.4367871e-06
  -2.9770412e-02
  -1.1446109e-02
  -2.1126257e-06
   9.0726600e-03
  -1.5539892e-06
  -3.8579647e-06
  -2.0260714e-02
  -9.5238665e-02
  -4.1244686e-06
  -1.4035399e-06
  -1.0979554e-01
   4.0466034e-06
  -1.6615010e-02
   4.8333970e-02
   2.0914476e-06
   2.5885097e-01
   8.3400951e-06
  -2.9725208e-06
  -3.2117647e-06
  -2.9783426e-05
  -5.3464298e-06
  -6.1945756e-07
  -1.8831105e-02
   9.0726600e-03
  -3.3211760e-02
  -5.2900980e-01
  -3.8429615e-06
   3.5733164e-01
  -8.0009544e-02
  -3.4610082e-07
   7.5721595e-02
  -4.0308567e-06
   1.9311237e-06
  -3.3344817e-06
  -2.0266687e-02
   2.0110383e-01
   4.8333970e-02
  -3.9909707e-02
  -1.0989332e-06
  -6.2652769e-02
  -2.9783426e-05
   4.7943775e-02
  -3.1452459e-05
  -3.5960113e-06
  -3.0908347e-02
  -3.1035068e-05
  -1.8342730e-06
   6.3949309e-01
  -1.6935253e-06
   9.0726600e-03
   7.5489271e-06
  -4.1271223e-02
   1.0000015e+00
   2.2413392e-01
  -1.8545087e-06
   1.2297507e-06
  -1.0296950e-05
  -6.5797053e-06
  -1.4367871e-06
  -1.5638050e-02
  -1.8545087e-06
  -3.9587758e-07
  -7.2435205e-02
   0.0000000e+00
  -3.1250411e-06
  -6.4434852e-06
  -1.8545087e-06
  -3.8579647e-06
   4.4826785e-01
  -1.7459289e-05
  -1.8375781e-06
   2.2413392e-01
   1.0562739e-06
  -3.3211760e-02
  -1.9462503e-02
  -1.9948981e-07
  -3.3334765e-06
   4.3268816e-06
  -2.0551772e-01
  -7.6851124e-02
  -2.1077540e-01
  -1.0296950e-05
  -1.5226453e-01
   2.3316030e-02
  -3.6532275e-06
  -8.0927997e-07
  -3.2988124e-06
  -4.7520217e-06
  -5.6414558e-06
  -3.9909707e-02
  -5.3610494e-02
  -1.5596346e-02
   5.8487484e-02
   1.0756849e-06
  -2.4818030e-06
  -9.5238665e-02
  -1.4484454e-01
  -2.1030043e-06
   5.8486081e-02
   7.5721595e-02
   5.8486081e-02
  -1.0683002e-06
  -6.3869524e-06
   0.0000000e+00
  -1.7459289e-05
   2.0110807e-01
   1.8755063e-02
  -6.1945756e-07
  -2.0257056e-01
   4.3268816e-06
  -1.9462107e-02
  -1.8831105e-02
   5.1369286e-01
  -4.8023010e-02
  -3.9909707e-02
  -4.1271223e-02
  -8.0009544e-02
  -3.0352890e-06
   1.0562739e-06
   9.0726600e-03
   7.5721595e-02
  -3.1452459e-05
  -5.3464298e-06
   1.6737840e-06
  -3.1452459e-05
   2.2413392e-01
  -1.0296950e-05
   4.9443916e-06
  -3.1452459e-05
  -3.3334765e-06
  -1.5580581e-02
  -3.3211760e-02
  -7.2435205e-02
   3.7944818e-06
  -2.5130630e-06
  -3.3211760e-02
  -2.9770519e-02
  -1.0548839e-05
  -8.0927997e-07
   1.3254296e-01
  -1.6615010e-02
  -1.8375781e-06
  -1.1446109e-02
  -1.0296950e-05
  -5.3464298e-06
  -3.6457709e-06
  -1.9462503e-02
  -5.3610494e-02
  -3.9909707e-02
  -6.4027088e-06
  -2.9770412e-02
   4.3268816e-06
  -5.4134443e-06
   4.8333970e-02
   1.9024755e-02
  -6.8378725e-01
  -3.4610082e-07
   7.5721595e-02
  -2.9725208e-06
  -4.7469206e-06
   1.5529530e-01
   4.3268816e-06
   1.2297507e-06
   1.2297507e-06
  -2.1126257e-06
  -6.2337092e-07
  -1.8887781e-06
  -6.4027088e-06
  -4.7520217e-06
  -1.8342730e-06
  -7.4472909e-03
  -1.5638160e-02
   1.2297507e-06
  -1.0548839e-05
  -1.2971042e-06
  -1.0683002e-06
  -1.8545087e-06
  -1.0754211e-05
  -1.7459289e-05
  -3.3334765e-06
  -3.6457709e-06
  -1.5638160e-02
  -1.8411935e-01
   0.0000000e+00
  -3.8579647e-06
  -2.1126257e-06
   1.5529530e-01
  -3.4550948e-06
  -1.8545087e-06
   9.4774038e-04
  -1.0875176e-01
  -1.5539892e-06
  -1.0875162e-01
  -1.0683002e-06
   0.0000000e+00
   2.2413392e-01
   9.2139353e-02
  -5.4134443e-06
  -1.6182638e-01
  -1.0989332e-06
  -3.3334765e-06
   5.8487484e-02
   4.3268816e-06
  -1.5638160e-02
  -1.5888928e-06
  -1.8831105e-02
  -3.4610082e-07
   4.4826785e-01
   1.0000017e+00
  -1.5539892e-06
   9.0726600e-03
   3.3207311e-01
  -1.3361221e-06
  -1.4035399e-06
   1.0756849e-06
  -2.9725208e-06
  -6.4027088e-06
   1.5412117e-01
  -7.2435205e-02
  -5.0417406e-02
   8.8042447e-06
  -1.8831105e-02
  -5.4134443e-06
   6.0575278e-02
  -6.7910480e-06
  -3.7171890e-02
  -4.8023010e-02
  -6.2337092e-07
  -1.9626357e-06
   4.3268816e-06
   6.0575278e-02
  -1.5596346e-02
  -3.5960113e-06
  -1.5539892e-06
  -3.0352890e-06
   2.2413392e-01
  -2.3323621e-02
   4.6629183e-02
   7.9613943e-01
  -5.6414558e-06
  -5.3610494e-02
  -2.9770519e-02
  -3.1250411e-06
  -2.9770519e-02
  -2.1126257e-06
  -7.6851124e-02
  -1.3361221e-06
  -5.0417406e-02
  -3.7171890e-02
   1.5708236e+00
   2.2413392e-01
  -1.2971042e-06
   5.8487484e-02
   0.0000000e+00
   2.0110807e-01
   6.0575278e-02
  -1.0989332e-06
  -1.0989332e-06
  -5.2747404e-02
   1.0562739e-06
  -1.3361221e-06
  -4.1458141e-06
   2.0453817e-06
  -1.0342630e-01
  -3.1452459e-05
  -1.0989332e-06
   7.5721595e-02
  -2.2288035e-02
  -2.2288035e-02
   4.8333970e-02
   2.0234725e-01
  -1.8375781e-06
  -2.2102699e-01
  -1.7036926e-01
  -5.6414558e-06
  -1.6935253e-06
  -1.0989332e-06
  -1.2780093e-06
  -1.8375781e-06
   3.5729422e-02
  -1.6284821e-06
  -3.1139148e-01
   0.0000000e+00
   7.5721595e-02
   1.5412117e-01
  -6.7910480e-06
  -5.3073554e-02
   8.8042447e-06
  -1.5596346e-02
  -6.5797053e-06
   0.0000000e+00
  -5.6414558e-06
   7.5721750e-02
  -1.2971042e-06
  -2.4818030e-06
  -5.2900980e-01
  -2.2288035e-02
   1.8755063e-02
  -3.3344817e-06
   9.0726600e-03
  -3.7171890e-02
  -1.9626357e-06
  -4.1244686e-06
  -1.1366780e-05
   1.9024755e-02
  -3.9909707e-02
   2.9179216e-02
   0.0000000e+00
  -3.9909707e-02
  -3.2988124e-06
  -1.7459289e-05
  -1.5638160e-02
   1.7866526e-01
  -1.0989332e-06
   2.8897801e-01
  -1.3361221e-06
   5.8487484e-02
   9.0713995e-03
  -1.3361221e-06
   4.3268816e-06
  -1.5539892e-06
  -6.2651994e-02
   0.0000000e+00
  -4.8023010e-02
  -1.9948981e-07
  -3.4610082e-07
  -3.5960113e-06
   4.8976287e-02
   2.5885097e-01
  -1.5638160e-02
  -3.3344817e-06
   3.7944818e-06
   2.0453817e-06
   3.7944818e-06
  -5.0425893e-06
  -3.6457709e-06
  -1.1979138e-02
   4.6310684e-01
  -8.0927997e-07
  -3.9352996e-01
   2.2249518e-06
  -3.6532275e-06
   4.7943775e-02
  -3.4907323e-01
   1.0562739e-06
  -9.8063501e-03
  -5.4691990e-06
  -1.5570113e-01
  -9.5238665e-02
   3.5408510e-06
  -3.6532275e-06
  -1.3476407e-01
   4.1575045e-06
  -2.0259503e-06
  -3.5540639e-06
   0.0000000e+00
   3.5408510e-06
   6.0160174e-01
   1.1642919e-06
  -9.0193265e-02
  -7.6273514e-02
   3.6665989e-06
   1.5996471e-02
  -3.0995193e-06
  -1.3056568e-06
   1.2297507e-06
  -2.9783426e-05
  -2.8302742e-02
  -9.0196950e-02
  -5.8610862e-07
  -3.2105975e-02
  -1.9191096e-01
   9.0190932e-01
  -4.8023010e-02
  -1.5570086e-01
   2.0453817e-06
   8.7703804e-02
   0.0000000e+00
  -2.1606532e-06
   4.6631164e-02
  -3.6739504e-06
  -6.9095143e-02
   1.2171400e-06
  -3.7824479e-06
  -7.4401874e-06
  -1.8827371e-02
  -7.4899609e-02
   4.3859489e-01
  -2.1030043e-06
  -3.0329174e-02
  -1.5539892e-06
   3.5727973e-02
  -5.8697142e-06
  -5.3464298e-06
  -1.0979554e-01
  -2.8865913e-05
   1.2897648e-06
   1.7293283e-06
  -2.4028635e-01
   1.9326462e-06
   2.6762309e-01
  -8.1331778e-06
  -5.3603495e-02
  -5.7536969e-04
  -1.7072050e-01
   8.9032509e-07
   1.2297507e-06
  -4.1533501e-01
  -6.2648931e-02
  -5.3464298e-06
  -6.8378913e-01
   3.1055177e-01
   1.1192859e-05
   1.3082709e-01
  -4.5805569e-06
  -1.7072050e-01
  -3.2708947e-06
  -2.4930654e-01
  -2.2320736e-01
  -2.2320736e-01
  -6.2648456e-02
  -1.4443069e-06
  -1.0725213e-06
  -5.8610862e-07
   1.5690636e-01
  -5.8697142e-06
  -3.2117647e-06
  -3.5540639e-06
  -3.0324933e-02
   3.7053375e-06
   1.5996471e-02
   1.2297507e-06
  -1.7072195e-01
  -2.1030043e-06
   1.4426953e-06
   2.7271719e-01
  -1.0674890e-01
   1.8107334e-06
   2.2989291e-06
   1.6120151e-01
  -5.6166709e-06
   4.6141787e-06
   6.2297422e-02
   8.7704448e-02
   8.9032509e-07
  -1.1848928e-02
   1.5998889e-02
   1.6858182e-01
  -5.2986962e-02
   3.3863396e-01
   1.0231604e-06
  -2.9783426e-05
  -1.8092935e-01
  -3.3094742e-06
   1.8107334e-06
  -1.0683002e-06
  -1.8356221e-01
   0.0000000e+00
  -1.0725213e-06
  -6.1945756e-07
  -4.8572895e-06
  -1.5570086e-01
   3.5729422e-02
   1.7093860e-01
   9.4982224e-04
  -5.3464298e-06
  -3.2913325e-04
   2.6762309e-01
  -1.0774226e-04
  -8.9177419e-02
   5.7661300e-01
  -3.2105975e-02
  -8.4974655e-02
   1.5996604e-02
  -4.8023010e-02
   2.3398868e-01
  -1.0896305e+00
   2.7304053e-07
  -1.0675337e-01
   6.9081480e-07
  -2.2320776e-01
   1.2297507e-06
  -1.3056568e-06
  -1.4873462e-06
   0.0000000e+00
   1.6945288e-01
   1.1642919e-06
  -3.6457709e-06
  -2.4930654e-01
   3.5729422e-02
  -1.4457382e-01
   8.7706201e-02
  -1.3533569e-06
  -1.0683002e-06
  -1.5539892e-06
  -5.3464298e-06
  -8.1331778e-06
  -1.0674933e-01
  -1.5119444e-01
   3.5729422e-02
  -1.4280724e-06
   3.7834528e-02
  -3.7171557e-02
  -3.9354301e-01
   2.3322519e-07
   2.5834858e-01
  -1.1484025e-01
  -1.0674933e-01
  -9.8063501e-03
  -5.3464298e-06
  -5.0414964e-02
  -7.6628569e-06
   4.2493761e-02
  -2.2522274e-06
   7.6141949e-02
  -1.5226395e-01
  -1.0725213e-06
   8.9032509e-07
   1.0756849e-06
   2.1629413e-06
   1.1642919e-06
  -3.0605298e-05
  -1.9079111e-06
  -1.9081201e-06
   3.7834528e-02
   1.2527609e-02
  -2.1482890e-02
   0.0000000e+00
  -6.5998053e-02
   1.6857948e-01
   9.4409952e-07
   1.0231604e-06
  -1.0674733e-01
  -1.0979918e-01
  -7.4472909e-03
   3.7053375e-06
  -7.6273514e-02
   7.9448166e-01
   3.7834528e-02
  -1.3476407e-01
  -2.5130630e-06
  -1.8827371e-02
  -1.0674777e-01
  -1.0674900e-01
  -3.6457709e-06
  -4.8572895e-06
   1.2297507e-06
  -3.1315986e-04
  -5.6414558e-06
  -2.3402386e-04
  -1.9545415e-06
  -1.0774226e-04
  -4.1244686e-06
   5.8486517e-02
   1.6857948e-01
   1.2116822e-01
   1.3111806e+00
  -5.3540550e-06
   1.5998033e-02
  -1.0774226e-04
  -3.7171557e-02
  -2.4334607e-04
  -4.4238168e-06
   2.0453817e-06
  -4.1244686e-06
  -2.2320776e-01
   1.0756849e-06
   3.7834528e-02
  -9.1037208e-01
   6.5738341e-01
  -5.1072980e-06
  -3.2105596e-02
  -7.6273514e-02
  -2.9783426e-05
   1.2297507e-06
  -4.4238168e-06
  -9.8063501e-03
   3.5408510e-06
  -1.6133930e-05
   3.7834528e-02
  -1.9639910e-01
  -6.3757474e-06
  -2.8165736e-05
   2.4532982e-01
  -1.7071860e-01
  -5.4691990e-06
   1.5529640e-01
  -1.0674900e-01
  -5.0414964e-02
   1.0756849e-06
   9.4982224e-04
  -2.8165736e-05
   4.6630779e-02
   1.1642919e-06
   3.3636949e-03
  -2.3566011e-02
  -1.0675362e-01
   4.7750145e-06
  -5.6166709e-06
   0.0000000e+00
   3.2115400e-06
  -3.9354301e-01
   3.7833826e-02
  -2.8302742e-02
  -6.7910480e-06
  -2.8976637e-06
  -8.4974655e-02
  -1.0674900e-01
   4.1575045e-06
   1.2297507e-06
   8.7082133e-02
   1.0231604e-06
   3.7832573e-02
   1.7926038e-01
  -7.4472909e-03
  -4.4336704e-06
   5.8487484e-02
   1.3846452e-01
   8.5867222e-01
   8.7702424e-02
  -4.2347049e-06
   8.7704448e-02
  -1.4706541e-01
   1.2297507e-06
   1.1642919e-06
   1.8349213e-06
  -9.6509020e-01
  -1.9545415e-06
  -8.5275037e-02
   6.5607430e-02
  -7.4401874e-06
   0.0000000e+00
   4.7376053e-01
  -7.7793287e-06
  -1.9081201e-06
   0.0000000e+00
   6.0266132e-01
  -3.6532275e-06
   1.0231604e-06
   2.7887989e-01
  -3.7171557e-02
  -2.1483593e-02
  -1.7054352e-01
   4.3699942e-06
  -3.3334765e-06
  -2.0259503e-06
   1.2297507e-06
   2.7304053e-07
  -1.0683002e-06
   5.8486517e-02
  -1.1484025e-01
   1.5412117e-01
  -1.1539421e-01
  -1.7036751e-01
   1.2117801e-01
   1.2297507e-06
  -1.0325559e-01
  -1.0725213e-06
  -1.9079111e-06
   1.5998033e-02
   6.0198436e-01
  -1.8827371e-02
  -7.5981411e-04
  -5.8610862e-07
  -1.4457347e-01
   2.7271786e-01
  -1.5539892e-06
   2.6805116e-01
  -5.6414558e-06
  -5.6414558e-06
  -1.6615010e-02
   0.0000000e+00
   3.7834588e-02
   3.7834528e-02
  -9.5238665e-02
  -3.9354301e-01
  -5.3540550e-06
   3.5408510e-06
  -7.6628569e-06
  -1.1848928e-02
   7.1455781e-01
  -4.6127670e-06
   7.6143377e-02
   4.9167163e-07
  -1.3280590e-05
   1.5998080e-02
  -3.2913325e-04
  -9.0193265e-02
  -5.9518138e-07
  -1.0732456e-01
  -2.8165736e-05
  -2.4028520e-01
  -1.6133930e-05
  -6.3869524e-06
  -3.3094742e-06
   2.9807897e-01
   1.2116916e-01
  -1.4873462e-06
   3.7053375e-06
  -9.8063501e-03
   2.0453817e-06
   3.7834528e-02
  -7.6628569e-06
  -6.8378725e-01
  -4.3496789e-01
  -3.2708947e-06
   3.5729316e-02
   2.2735694e-06
  -2.8865913e-05
  -3.6532275e-06
   1.1642919e-06
   8.7083463e-02
  -3.2708947e-06
   3.5727973e-02
  -1.4280724e-06
   6.6389195e-01
   1.6858182e-01
  -4.9789414e-02
  -1.4035399e-06
   1.5996784e-02
  -4.8572895e-06
   4.1707486e-07
   1.1718366e-06
  -2.1482890e-02
   8.7704610e-02
  -5.4936606e-06
   2.0453817e-06
   1.9720149e-06
   1.9746275e-06
  -3.2117647e-06
   4.3616309e-01
   1.2171400e-06
   1.5529640e-01
   1.5159958e-01
   1.0756849e-06
   4.7750145e-06
  -3.8050854e-08
   1.5998889e-02
  -1.0979631e-01
  -1.3342291e-01
   9.8566818e-01
  -9.5454233e-02
   5.4780265e-07
  -5.6166709e-06
   9.5063900e-04
  -4.7520217e-06
   1.2297507e-06
  -5.5420091e-07
   1.6384836e-01
  -3.3334765e-06
   5.8486517e-02
   6.9069408e-01
  -9.5236015e-02
   2.6762309e-01
  -5.7241686e-05
  -2.9783426e-05
  -2.4220849e-01
  -9.8966940e-06
  -6.7910480e-06
  -7.6243519e-06
   2.6762309e-01
  -2.8976637e-06
  -1.0675337e-01
  -4.5805569e-06
  -4.4336704e-06
   2.8898002e-01
  -5.3464298e-06
  -1.5638160e-02
  -1.7121407e-02
   9.9731292e-01
  -1.6615010e-02
  -2.3039959e-01
   1.2297507e-06
  -4.7520217e-06
   3.9608077e-06
  -7.1474712e-02
  -2.0259503e-06
  -6.8378725e-01
  -5.3603495e-02
  -3.2913325e-04
   3.7053375e-06
   3.7833911e-02
   5.8487484e-02
  -6.8919577e-02
   1.2297507e-06
  -1.5897160e-06
   5.1931525e-01
   3.7834528e-02
   1.1865773e+00
   1.8349213e-06
  -4.5805569e-06
   5.6713737e-01
  -1.9191096e-01
   7.6143222e-02
   2.6762309e-01
  -3.2117647e-06
  -3.9354301e-01
   1.2871402e-06
  -4.4931569e-06
   5.8486517e-02
   4.1575045e-06
  -4.7520217e-06
   1.1357895e-01
  -1.0683002e-06
  -2.2066379e-06
   1.5412117e-01
  -2.1484034e-02
  -1.4035399e-06
  -6.1945756e-07
  -3.7824479e-06
  -4.6192919e-05
  -1.0674900e-01
   1.6858182e-01
  -1.0674900e-01
  -2.5636863e-07
  -2.8165736e-05
   4.6631164e-02
   2.9442020e-01
  -5.6700528e-01
  -1.0539836e-01
   7.9343804e-02
  -8.4974449e-02
  -9.7202466e-02
   6.1108807e-01
   1.9222643e-01
   6.6172836e-07
   4.5514686e-01
   1.6390506e-01
  -5.6035604e-06
  -1.9190598e-01
  -1.5808852e-07
  -4.1901353e-01
  -2.1482890e-02
  -1.9235488e-01
   1.0000001e+00
   2.2838765e-01
  -9.8075947e-06
  -2.1237511e-01
  -2.1411310e-01
  -4.8440624e-01
  -1.8554252e-06
  -4.6485250e-01
  -1.7832379e-06
   1.1775932e-01
   8.0430967e-01
  -9.8063501e-03
  -2.8302742e-02
  -6.9783055e-01
  -4.5656463e-06
  -3.7824479e-06
  -2.5926396e-01
  -1.5972739e-01
  -5.3079946e-02
   1.2382807e-01
   4.4840405e-01
  -2.8302742e-02
  -6.9598771e-03
  -2.2554904e-01
   1.1467623e-01
   3.5440725e-01
  -5.8492543e-06
  -6.3418932e-02
  -2.5838307e-01
   2.8446855e-01
  -1.3526501e-01
   9.7546443e-06
  -2.0945264e-01
  -3.7824479e-06
  -3.5302559e-02
  -4.9398627e-01
  -3.8887707e-01
  -8.5381406e-02
   5.6995755e-01
   3.8467173e-01
   1.2714886e-05
  -9.8063501e-03
  -9.2925783e-02
   1.4620448e-01
  -3.1151354e-01
   1.8169020e-02
  -4.1500789e-06
  -1.0295682e-01
  -7.8401888e-01
   9.0684597e-02
  -2.0294326e-01
  -1.4457382e-01
  -3.2821697e-03
  -3.4934128e-01
  -2.1482890e-02
   1.5047930e-01
   2.6674762e-02
   3.9260735e-01
  -7.1490735e-02
  -1.9235954e-01
  -3.7824479e-06
  -1.9190560e-01
   3.0217535e-01
  -1.5324000e-01
   4.2093502e-02
   5.1838147e-01
  -1.6332646e-06
  -4.4796516e-06
  -3.2484856e-01
   7.0372336e-01
   3.1651567e-01
   2.2222386e-02
  -2.1483459e-02
   2.8674819e-01
  -2.6295125e-01
  -2.8302742e-02
  -1.5575725e-02
  -1.5325130e-01
  -5.7241686e-05
  -9.8063501e-03
  -8.4974655e-02
   2.7096481e-01
   3.8091621e-01
  -8.3549406e-07
  -3.8830131e-02
  -8.8776340e-02
  -4.8750816e-02
   5.0361826e-01
  -1.8552911e-01
  -6.3279049e-02
   1.3001891e-01
   1.5787181e-01
  -2.4030620e-01
  -2.5312528e-06
   4.5337569e-01
  -2.9862843e-06
   2.3289355e-01
  -1.1582417e-01
  -4.4150911e-06
  -4.4868285e-01
  -1.3480749e-01
  -1.1705419e-01
  -1.6902239e-01
  -2.9735926e-02
  -5.4811370e-06
  -5.2509180e-06
   1.5898878e-01
   3.5732675e-01
  -5.6414558e-06
   2.3289373e-01
   2.3290540e-01
   4.4835228e-01
  -2.9732037e-02
